1000 1000
2 4 2 2 4 4 3 1 2 4 4 1 2 4 2 1 3 3 3 3 1 1 4 4 1 3 4 4 2 1 4 1 2 2 4 3 1 2 3 4 1 1 4 4 4 2 3 2 3 1 4 4 1 3 2 4 4 2 2 3 3 3 3 3 2 4 1 2 1 3 2 2 1 1 4 2 3 2 1 2 4 2 3 3 3 3 4 3 4 1 2 1 2 4 3 1 2 3 2 4 4 3 2 2 3 2 2 3 4 1 1 4 4 3 4 1 4 2 2 3 1 1 1 3 4 3 1 3 2 2 2 4 1 1 3 1 3 2 4 2 4 2 3 2 1 3 1 1 3 1 2 3 1 3 2 2 2 1 1 1 2 3 4 1 1 4 4 2 4 1 1 4 3 4 2 1 3 1 4 3 1 3 2 1 2 4 3 3 1 4 4 2 1 4 4 3 3 2 2 1 4 4 4 4 2 4 2 3 2 1 4 2 3 1 3 2 3 4 3 3 3 2 2 2 1 4 4 2 1 2 1 4 2 1 4 3 4 1 1 1 2 3 2 3 4 2 3 1 1 1 2 4 2 4 4 4 4 3 3 1 3 4 2 4 4 2 4 3 1 2 1 4 1 4 1 4 2 4 4 2 2 2 2 2 3 3 2 4 2 2 2 2 4 1 4 2 2 2 2 4 3 1 3 1 2 4 3 3 2 1 4 3 3 1 2 4 2 2 4 2 4 2 3 1 2 1 3 1 3 1 1 3 4 2 3 1 4 2 3 1 3 4 3 1 4 3 3 2 3 1 4 2 3 4 3 3 3 2 1 4 1 3 4 1 4 3 2 2 3 2 4 3 1 1 1 2 2 4 2 3 3 4 2 3 2 3 2 3 1 1 1 1 3 1 4 1 1 4 2 2 1 4 2 1 2 3 4 3 2 3 2 2 1 2 1 1 4 2 4 3 4 4 3 1 1 4 2 2 3 4 1 3 4 1 2 3 2 2 3 3 3 3 2 2 2 1 3 3 2 2 4 1 2 4 2 1 1 2 2 4 3 1 3 3 3 4 3 4 1 3 3 1 3 1 4 4 4 1 2 3 1 4 2 2 2 4 4 4 2 1 1 2 1 4 2 4 2 4 1 1 4 1 2 4 1 1 3 1 4 2 4 3 2 2 2 4 2 4 1 3 1 1 1 4 2 4 3 3 2 1 2 3 3 1 2 3 1 1 1 3 3 4 4 2 3 3 3 3 1 4 2 2 1 2 2 1 4 2 3 3 4 1 4 3 3 3 4 4 2 2 2 1 4 4 2 2 4 3 1 2 3 2 1 2 2 4 2 1 1 2 1 2 3 2 2 4 3 3 3 1 3 2 2 2 3 3 2 2 3 1 3 4 4 4 3 4 3 4 4 3 1 4 3 1 4 4 3 4 3 3 1 2 2 1 1 3 4 4 3 1 3 1 4 3 2 1 3 1 3 4 3 3 4 4 3 2 1 1 4 3 2 1 1 3 1 4 1 1 1 4 2 1 4 4 2 2 2 3 1 3 4 3 4 2 1 4 1 2 4 2 1 2 2 4 2 1 2 3 3 1 1 4 4 2 4 1 2 4 4 2 2 4 3 2 3 2 3 2 3 1 3 1 1 2 3 3 2 2 2 4 1 1 2 3 3 1 2 1 4 2 3 2 3 4 2 3 3 1 1 1 4 4 2 1 3 4 3 1 3 3 4 3 1 1 1 3 3 2 3 4 3 1 1 3 2 3 4 1 1 1 2 1 1 1 1 1 1 2 4 1 4 2 4 2 2 2 1 4 3 2 4 1 1 1 2 1 2 1 1 2 4 1 4 4 1 2 3 3 4 4 4 4 4 4 3 3 3 4 4 1 3 1 1 3 2 2 2 1 3 3 4 2 2 2 2 3 3 1 1 3 1 2 2 3 1 4 1 3 2 3 4 4 4 3 1 1 4 3 4 4 2 4 1 1 3 4 3 4 1 4 4 3 3 1 3 4 4 2 2 1 4 2 4 3 3 2 3 3 1 3 1 2 2 4 2 3 1 1 3 3 4 1 2 2 3 2 3 4 3 4 2 2 1 3 4 3 4 4 3 1 2 4 3 1 1 4 2 3 3 4 4 2 3 3 1 1 1 4 2 2 3 2 1 4 4 4 1 1 1 2 4 1 3 4 1 3 4 4 3 3 2 3 2 2 3 3 4 1 1 3 2 4 2 4 2 4 4 2 1 3 3 1 3 3 3 4 4 1 1 3
2 350 3 3 4 4 82 2 3 3 4 28 1 4 4 3 124 101 1 304 377 216 46 363 284 3 3 1 2 2 2 3 3 402 3 4 3 1 4 2 3 2 2 94 157 1 242 348 253 23 90 266 2 4 365 4 272 117 332 292 3 1 4 1 1 3 1 1 3 3 288 1 3 3 4 4 3 129 179 1 14 1 4 3 2 1 1 3 87 3 1 277 2 204 27 2 262 2 390 4 114 4 145 3 176 247 99 1 1 20 3 4 307 369 1 1 1 4 3 3 4 105 278 1 367 2 4 3 2 1 343 186 1 3 1 3 4 2 3 4 3 2 185 2 359 349 189 342 35 39 2 191 4 2 322 167 125 1 3 5 3 3 324 2 4 159 3 4 2 3 3 2 4 3 4 235 3 44 74 13 352 2 1 160 392 75 338 22 2 71 1 360 2 2 4 2 2 34 286 4 2 158 2 130 2 308 149 4 3 3 3 45 1 1 3 36 250 290 72 3 113 1 136 399 2 1 1 302 6 4 42 2 296 120 1 96 317 4 258 2 166 1 4 2 2 4 383 1 1 52 2 2 268 4 3 1 4 1 198 2 2 2 323 3 376 3 207 2 1 289 1 4 1 57 3 221 326 4 3 4 3 1 1 140 1 3 373 4 4 1 4 353 110 173 3 2 3 2 53 256 1 3 315 1 209 1 309 148 230 11 1 137 3 3 3 395 3 3 3 50 3 4 1 388 267 4 4 85 139 1 276 199 4 239 3 30 270 1 3 70 1 4 1 41 294 381 274 131 168 123 3 1 1 4 1 3 141 1 2 4 255 127 153 65 305 29 1 1 2 4 273 1 107 1 1 2 3 4 303 1 3 4 3 4 1 1 4 193 2 385 4 4 103 3 32 3 2 384 2 184 336 4 2 344 4 3 196 370 155 143 2 401 375 12 112 54 269 3 3 214 4 3 138 4 1 51 3 346 1 2 1 194 4 347 393 3 333 1 1 2 80 156 4 259 219 366 91 1 2 146 1 58 299 1 133 202 4 1 4 73 100 3 1 2 4 25 134 391 1 3 357 3 8 236 3 1 2 4 164 2 1 4 115 1 4 3 2 40 257 228 3 312 4 201 356 2 83 2 222 197 1 310 2 3 178 2 2 240 3 4 4 4 263 362 24 318 170 2 1 1 3 2 3 1 4 1 93 1 3 2 2 38 102 182 2 3 4 3 1 2 212 4 2 378 67 275 1 3 3 389 118 106 281 3 2 144 3 2 62 1 3 1 1 2 3 4 233 280 206 4 2 1 301 218 271 2 227 4 10 48 84 2 345 2 314 337 4 331 4 3 215 3 92 4 81 3 76 132 328 4 368 64 47 3 43 4 2 200 1 4 161 3 1 4 165 371 1 3 4 4 2 2 327 4 2 4 175 97 334 4 3 1 1 279 4 3 3 3 4 2 4 2 169 4 121 2 181 210 4 2 335 4 4 2 2 1 55 382 31 4 2 2 2 3 287 2 387 109 2 104 4 3 320 1 3 241 1 225 243 2 56 355 265 3 1 2 18 285 1 217 1 234 163 231 4 2 4 4 3 398 1 1 3 2 1 2 188 4 4 4 60 4 2 2 2 2 321 3 400 2 3 1 4 147 63 4 190 2 2 3 3 4 4 3 3 2 291 386 282 26 1 4 95 1 245 1 246 17 2 3 2 3 142 254 2 394 2 2 4 319 374 2 1 4 358 2 3 2 78 2 3 2 3 3 261 1 3 1 3 249 1 403 3 3 4 4 2 2 4 3 213 248 1 177 3 19 293 404 126 4 3 2 69 4 1 4 325 1 311 330 205 3 226 1 3 79 4 354 396 2 88 180 4 2 1 3 2 86 2 152 15 3 4 298 4 316 4 4 1 183 1 203 3 3 260 98 1 2 1 306 4 3 1 2 3 4 2 3 2 1 3 237 2 4 3 2 3 252 2 1 4 1 251 341 208 1 1 3 2 1 1 4 1 211 37 329 4 1 339 2 89 1 3 192 340 4 2 4 2 49 2 361 1 1 4 116 128 2 1 108 119 264 4 3 154 1 59 380 4 3 3 151 16 224 4 2 195 4 122 174 3 61 21 66 68 3 3 238 295 1 3 2 300 3 150 1 2 283 372 4 9 3 3 187 4 2 2 3 1 7 162 4 77 1 220 364 1 3 172 2 379 1 3 1 351 223 2 135 4 3 397 1 244 232 297 3 111 2 229 3 1 313 2 1 171 3 33 3 1 3
1000 1000
4 2 2 2 4 1 3 1 2 4 3 3 2 1 3 3 3 1 2 2 1 3 4 4 3 3 3 4 4 4 3 4 4 4 1 3 3 2 3 2 3 2 4 4 4 1 3 1 1 1 1 1 3 1 4 1 4 1 2 2 1 1 2 1 2 1 2 3 3 4 2 4 1 4 1 2 3 3 1 2 1 3 2 2 4 3 3 4 4 2 4 2 2 1 1 1 1 4 1 4 4 1 4 2 4 3 2 3 2 3 1 2 1 4 3 3 1 1 2 2 2 1 4 3 2 1 3 4 2 2 1 3 4 1 3 2 3 3 2 2 1 4 4 1 4 4 1 2 1 3 1 2 4 3 1 3 3 1 2 2 1 2 3 3 3 3 1 4 1 4 4 4 2 4 3 3 4 4 1 3 4 2 3 3 1 1 4 4 4 4 1 2 3 3 1 3 3 2 4 3 4 2 4 1 3 3 2 2 3 3 1 2 2 3 3 2 1 3 3 3 2 4 2 2 1 2 4 1 1 3 2 1 1 3 2 3 1 1 2 3 1 2 4 2 2 4 1 2 1 2 2 1 2 2 3 4 3 1 1 2 2 4 3 1 1 3 3 1 4 2 1 2 1 1 2 4 4 1 3 3 4 2 1 3 3 1 2 4 4 3 4 4 4 4 4 3 4 1 1 3 4 4 1 1 4 3 3 1 4 1 1 1 3 1 3 2 1 1 2 3 3 2 2 1 1 2 2 3 1 3 3 2 1 4 1 2 1 3 2 1 2 4 3 1 3 1 2 1 4 4 1 1 1 2 4 2 3 2 1 2 2 3 2 4 4 3 1 2 3 1 3 1 1 1 2 1 4 2 4 2 2 3 2 2 4 3 4 2 3 2 3 2 2 1 2 4 2 1 2 3 1 1 1 2 4 3 2 4 1 2 4 4 4 3 1 2 4 3 3 3 4 4 1 3 2 1 2 3 4 3 2 1 1 3 2 3 1 2 2 2 2 1 2 4 3 1 3 4 1 2 3 2 3 4 3 4 4 3 4 1 2 2 2 3 3 3 3 4 1 1 3 2 3 4 2 1 1 4 3 3 2 4 1 1 4 4 2 4 3 3 1 2 4 1 3 2 1 1 2 4 3 4 2 2 1 4 4 4 4 2 4 3 2 3 2 1 2 2 1 4 1 3 2 4 4 2 1 3 4 2 1 1 2 2 2 3 2 1 4 4 1 1 2 3 4 4 3 4 3 4 1 1 3 4 4 1 1 3 3 3 2 2 3 3 2 2 2 4 4 1 3 3 4 3 1 1 2 3 4 4 3 4 3 3 2 1 1 3 4 1 4 3 1 4 3 4 2 4 1 1 3 3 3 4 4 3 3 3 4 1 1 1 2 1 3 4 2 4 3 4 4 1 1 4 4 3 1 4 2 3 3 3 1 4 3 1 2 4 1 4 4 1 1 4 2 3 3 4 3 1 3 1 1 4 2 4 2 3 3 3 4 4 1 2 3 4 4 2 1 3 1 1 1 1 3 1 2 1 3 1 2 1 3 4 2 4 3 2 2 4 2 4 2 2 2 4 3 1 1 3 1 3 4 4 4 3 4 2 4 4 4 4 4 3 4 2 1 4 1 1 2 4 4 1 4 3 1 4 3 4 2 2 1 2 3 2 3 1 2 4 3 1 2 3 1 2 3 1 1 4 2 3 4 2 2 4 1 4 1 2 3 1 2 2 4 1 4 2 2 1 4 4 3 1 3 1 4 1 3 1 2 2 2 1 1 2 4 3 1 4 3 4 2 3 1 3 3 2 4 2 3 1 3 4 2 1 4 2 3 3 2 1 3 4 2 4 3 2 4 4 2 1 4 3 4 1 2 1 1 2 2 2 4 4 3 3 1 3 1 2 1 1 1 2 1 3 3 1 4 3 1 1 3 3 3 3 1 1 4 2 3 2 1 3 4 4 4 4 4 3 4 3 4 3 2 1 4 1 4 1 1 4 1 4 3 3 4 1 4 4 4 3 1 3 4 2 4 3 4 1 2 4 4 1 4 1 3 2 4 2 1 2 2 1 4 2 1 4 3 3 3 3 1 1 2 4 1 3 4 4 1 4 3 4 3 3 2 3 3 4 1 1 1 2 3 3 2 4 4 2 4 1 2 1 3 1 3 2 3 4 2 2 1 2 4 2 4 2 3 3 3 2 3 1 3 4 4 2 4 1 2 2 2 4 2 3 1 2 2 3 1 3 3 3 1 4 3 4 3 4
279 59 372 385 392 62 342 386 204 4 234 4 4 3 3 147 216 1 72 3 3 3 2 319 287 264 354 2 3 2 2 3 1 3 3 126 226 384 142 4 108 24 1 1 252 31 2 315 1 3 1 4 25 1 283 353 206 3 331 3 4 2 197 238 2 4 4 2 2 4 4 4 1 2 2 2 4 124 2 4 116 2 2 2 3 4 1 369 7 236 364 168 68 3 2 3 1 2 309 1 2 2 1 4 314 4 333 1 2 2 180 2 297 3 284 2 373 3 5 361 3 122 2 1 4 2 254 75 2 3 4 3 1 3 4 14 307 4 3 3 335 2 4 2 34 158 1 2 1 3 222 3 3 3 1 118 4 1 12 4 3 298 1 77 45 4 64 156 4 21 71 3 345 1 398 132 3 4 2 172 87 3 380 2 60 1 2 208 4 4 399 277 3 1 250 1 1 4 245 2 3 1 4 2 214 4 2 232 396 402 50 3 379 2 224 1 1 2 4 167 17 3 387 3 2 3 3 67 1 39 2 278 346 1 230 337 217 367 119 3 3 3 1 2 1 3 3 157 2 114 215 4 4 187 4 99 1 109 159 198 3 178 235 3 325 1 3 3 3 155 3 2 88 2 4 1 1 1 1 4 357 321 137 1 4 2 3 41 107 1 4 394 193 3 1 128 3 4 1 289 183 261 3 2 2 3 348 3 4 1 1 275 2 242 4 290 110 54 176 377 2 4 4 327 2 74 140 358 1 11 4 1 2 2 227 2 2 1 259 123 4 51 1 1 3 48 1 2 269 1 285 1 1 52 2 393 3 3 27 143 2 391 301 93 4 265 260 210 4 3 4 1 370 382 152 2 3 3 4 4 320 317 4 366 2 4 171 3 3 4 1 177 282 3 3 4 125 134 316 165 2 4 2 2 300 1 4 111 1 4 339 15 1 360 131 3 1 170 65 2 4 4 57 1 2 2 2 304 1 4 46 4 3 3 4 255 3 351 2 3 306 47 9 3 3 1 2 4 18 1 355 3 1 3 2 37 1 4 162 42 311 1 3 249 49 4 86 2 343 199 169 349 3 4 1 291 146 246 2 3 2 144 4 2 2 1 3 186 2 341 4 4 1 209 4 2 344 295 1 374 1 1 166 3 1 106 3 3 196 1 1 371 80 3 89 96 2 1 2 313 1 280 1 213 103 1 3 100 1 4 133 3 2 4 4 3 4 240 375 73 262 40 22 400 151 1 4 23 4 1 38 8 2 3 4 3 135 97 211 113 404 1 115 2 228 229 2 1 1 4 1 174 3 3 53 2 318 3 4 70 2 340 2 35 4 1 203 1 3 4 4 2 188 1 33 1 44 3 2 257 2 1 338 30 4 256 3 95 2 4 2 310 3 4 181 13 4 190 195 4 4 1 4 2 104 3 1 130 363 1 1 194 1 1 3 139 1 90 401 2 330 4 3 91 1 1 36 2 281 218 81 4 3 1 1 4 221 336 243 192 1 2 4 76 378 200 2 3 207 3 2 4 102 1 2 368 2 94 175 2 2 347 253 389 205 3 4 403 3 3 1 2 4 2 3 66 381 2 4 1 4 4 3 2 4 2 1 2 2 3 4 4 3 1 2 223 3 241 273 395 189 1 3 145 276 58 1 4 1 154 2 20 266 1 1 141 212 4 3 4 3 2 334 55 267 4 179 2 120 2 3 127 1 2 4 3 1 3 2 1 2 220 233 324 4 4 121 3 3 2 2 4 4 4 2 3 32 356 2 2 3 329 2 164 2 1 2 1 3 161 350 4 1 3 1 136 352 4 3 160 3 263 274 2 4 2 268 2 4 3 28 1 4 3 105 293 2 92 2 3 2 61 3 4 2 365 138 1 1 4 56 43 2 322 2 383 332 2 163 2 4 271 2 2 4 3 3 84 323 1 3 149 2 3 225 1 272 2 2 248 3 182 173 1 397 4 3 1 1 251 112 296 2 3 3 201 3 1 82 2 148 1 294 1 117 2 328 2 4 3 3 2 129 4 4 1 2 308 2 78 4 29 101 4 303 1 2 376 3 4 359 69 4 1 286 1 4 2 185 2 2 1 3 1 2 3 3 3 239 312 1 3 1 2 1 244 85 153 98 4 231 63 305 3 258 3 2 4 191 3 4 1 6 388 4 390 1 10 1 4 1 1 19 1 83 1 247 26 184 288 326 79 299 150 1 4 4 292 270 219 362 202 4 2 2 4 3 3 4 4 1 3 2 2 4 237 3 302 16 4
1000 1000
1 3 2 3 4 1 4 3 3 3 4 3 4 2 2 1 1 3 4 2 2 2 4 2 1 3 3 3 3 4 1 1 4 3 4 1 4 1 1 4 4 2 3 2 2 1 3 1 2 2 3 4 1 3 2 4 3 2 4 1 3 4 2 4 2 1 2 2 2 2 1 3 1 4 1 1 4 3 3 2 3 3 2 3 2 3 3 1 1 4 4 4 4 2 3 1 1 2 1 4 3 3 2 1 1 2 4 4 1 2 3 2 2 4 2 3 2 3 2 1 2 1 1 1 1 2 3 3 3 1 4 1 2 4 1 4 3 3 2 2 2 3 2 3 2 3 4 3 1 1 4 4 4 4 2 3 4 4 2 1 3 1 2 4 1 4 3 2 2 3 3 2 2 3 3 2 4 1 2 2 4 2 4 4 2 1 2 4 4 4 3 2 4 3 4 4 1 3 1 4 2 1 3 1 4 1 1 2 2 4 1 4 4 2 3 4 3 3 1 2 3 1 4 1 2 1 2 2 3 1 4 1 1 1 2 2 1 2 3 2 3 4 1 4 4 4 4 4 2 4 2 3 3 1 3 4 2 1 4 3 1 1 1 1 4 1 3 2 2 1 3 2 4 4 3 3 4 3 2 2 1 2 2 3 1 3 3 3 4 3 1 3 1 3 4 2 2 2 3 3 3 1 2 2 4 1 1 1 3 4 3 1 2 3 3 4 4 2 1 3 1 3 2 4 4 4 3 4 2 4 4 1 2 4 2 4 4 2 1 4 4 1 4 4 2 3 4 1 3 2 4 1 4 3 1 3 3 1 1 1 3 4 2 4 4 3 2 4 3 4 2 1 3 4 4 1 3 2 3 4 1 2 3 2 1 1 1 1 3 3 3 1 4 1 3 3 1 1 4 1 1 2 2 2 3 1 3 1 1 2 2 1 3 3 4 2 3 1 2 2 3 2 1 4 2 4 2 1 3 3 4 4 3 3 1 4 4 2 4 3 4 1 2 2 1 3 2 4 4 3 1 1 1 1 2 1 1 2 4 2 1 2 3 4 3 2 1 3 1 1 4 2 3 2 2 1 3 2 4 1 4 4 3 3 3 2 1 2 4 3 1 3 4 2 3 1 2 2 1 1 3 4 3 4 2 2 1 1 4 2 1 1 1 1 3 2 1 1 3 1 1 3 2 3 2 3 2 3 2 1 1 3 2 3 4 1 4 4 1 3 3 2 2 1 2 3 2 1 4 3 2 1 3 1 1 3 1 4 4 2 3 4 1 2 2 1 4 4 2 1 3 4 2 1 2 4 1 3 2 4 4 2 4 3 3 3 1 2 1 2 4 3 4 1 2 1 1 1 3 3 2 3 1 2 3 2 2 3 1 2 1 2 1 1 2 3 4 2 2 3 1 3 2 3 2 1 2 4 2 1 1 4 2 4 3 3 1 2 1 4 1 4 3 4 2 1 4 4 2 4 3 3 4 1 3 3 4 2 1 1 4 3 4 2 1 1 1 4 1 4 3 4 4 3 2 3 1 1 1 1 1 2 1 4 2 2 3 2 1 4 3 1 4 2 1 2 3 4 4 2 4 4 2 2 3 3 4 3 2 1 1 4 2 1 2 1 4 1 3 4 4 3 3 2 2 2 2 2 4 2 2 4 2 2 2 1 2 3 4 4 1 3 2 1 3 1 4 4 2 4 2 2 2 4 2 1 2 2 4 4 3 3 3 4 3 3 3 4 1 2 1 1 4 4 3 4 3 3 1 2 4 1 3 4 4 2 2 3 3 3 1 1 1 1 1 3 1 2 3 4 3 2 2 4 4 3 2 3 1 4 4 3 2 3 2 4 3 2 1 4 2 4 4 1 2 2 3 1 3 3 1 1 3 2 1 3 2 2 1 1 3 2 2 1 4 2 3 2 4 3 4 4 1 3 2 2 1 2 3 3 2 2 2 1 4 4 3 2 4 3 4 2 4 2 4 3 4 1 4 3 2 3 3 2 2 1 2 2 3 3 1 3 1 4 3 3 2 4 1 3 2 1 3 4 1 1 3 3 2 4 4 2 3 3 1 2 3 4 1 2 4 1 1 4 3 1 4 1 3 4 4 4 2 3 1 1 1 3 3 3 2 1 2 1 2 1 4 1 4 1 1 3 3 1 4 1 4 2 1 3 4 2 2 2 2 2 4 3 1 2 4 2 3 4 3 4 3 4 3 1 1 4 3 2 3 3 1 3 3 1 2 2 2 3 1 4 3 4 1 1
176 1 3 3 4 1 1 3 3 17 75 335 1 3 2 132 1 1 3 4 346 12 3 1 2 2 251 4 1 119 196 401 261 275 4 4 184 341 204 307 368 92 4 4 1 8 3 1 2 4 3 287 3 145 2 4 1 228 227 2 3 48 3 2 89 3 4 3 345 11 128 138 4 1 1 294 3 144 232 2 3 4 107 3 3 2 286 284 130 226 1 2 362 158 358 366 42 2 1 1 127 281 4 1 174 3 2 2 237 198 159 4 2 3 3 57 2 240 4 2 3 4 168 2 4 233 3 24 1 139 2 1 4 4 3 3 2 4 1 4 23 250 241 4 2 4 4 54 201 4 114 4 1 221 4 148 1 1 400 274 215 98 25 77 3 3 329 2 1 397 1 3 1 3 3 3 67 161 1 4 308 3 1 1 4 290 3 1 1 4 4 1 3 276 1 3 94 385 1 269 97 3 2 2 4 332 360 95 3 2 2 1 3 4 74 2 328 1 299 1 2 2 4 1 180 4 1 1 1 273 178 4 4 234 3 39 267 3 167 2 177 2 4 1 3 3 1 1 197 13 1 185 1 326 4 6 1 349 4 2 236 353 1 2 4 392 37 117 4 4 2 46 3 1 235 41 3 129 4 3 121 255 3 303 399 83 81 2 2 388 1 2 60 4 3 2 4 3 153 175 394 2 3 88 371 2 101 243 4 2 1 143 30 162 322 314 1 3 173 1 312 4 1 2 102 1 325 1 2 38 99 106 2 3 300 62 2 304 1 1 288 120 2 381 21 272 4 4 379 4 69 3 376 1 4 2 203 1 47 3 179 2 191 280 4 220 1 2 3 320 257 2 1 4 1 2 1 4 91 277 135 213 1 149 104 4 103 4 2 4 1 3 1 1 4 340 4 2 4 219 4 1 1 404 4 2 34 52 3 2 170 186 1 1 2 298 347 2 2 354 70 35 3 1 19 2 2 4 3 1 4 336 357 137 343 337 2 4 2 2 5 4 331 3 311 1 84 146 9 1 367 4 166 2 296 351 398 3 3 73 279 3 2 56 4 2 2 55 4 4 4 3 2 352 2 208 3 338 342 3 1 111 1 239 4 2 344 7 305 1 1 2 2 4 4 36 3 3 265 85 3 4 4 218 2 2 285 295 1 1 116 1 3 223 164 1 271 49 44 4 318 2 4 3 4 3 110 58 2 2 402 2 270 2 171 2 105 2 252 2 306 160 247 266 3 2 321 172 53 1 4 3 383 2 359 63 2 324 364 3 3 2 327 380 2 2 348 3 96 214 4 2 4 302 200 40 1 1 2 386 3 4 1 389 1 256 293 378 4 4 244 141 350 1 254 231 3 151 4 2 3 1 80 3 43 22 4 3 2 3 1 64 3 134 2 112 3 4 297 4 1 238 1 2 140 258 3 1 268 309 66 3 1 202 109 2 1 2 1 259 152 210 163 1 1 4 45 3 3 263 169 2 3 1 3 2 317 3 126 79 2 4 4 339 3 2 27 4 1 264 118 4 211 51 363 1 165 195 2 182 2 3 4 246 260 190 1 3 4 1 150 3 1 4 370 189 282 4 2 3 4 1 1 2 2 4 31 3 1 334 71 113 181 1 4 4 253 2 3 61 199 2 372 1 50 2 2 4 136 301 2 4 384 2 229 4 3 3 1 33 3 4 3 4 131 2 2 2 4 1 1 1 4 1 292 4 2 4 3 1 3 4 1 4 403 1 289 122 3 10 1 2 207 82 1 29 188 1 2 4 390 1 4 2 3 2 3 2 2 1 124 4 3 316 1 3 78 72 2 393 356 65 1 3 142 3 4 26 3 3 1 4 2 205 1 395 4 2 1 333 157 391 4 355 217 3 93 3 3 4 262 76 323 225 248 4 3 3 283 1 1 1 313 330 1 1 396 3 1 3 2 2 2 2 1 3 1 2 1 1 373 2 3 1 4 291 1 4 2 1 3 133 2 4 1 3 2 4 4 156 377 361 4 206 2 68 100 28 4 3 123 3 315 4 1 4 2 216 1 154 4 4 4 87 14 2 3 3 4 4 4 1 193 1 224 212 4 2 2 3 16 1 4 1 245 2 1 2 20 183 192 4 187 2 1 2 4 15 4 1 86 125 1 155 147 375 4 2 1 108 2 18 242 1 1 4 1 2 3 4 4 2 1 1 222 249 3 310 1 209 2 1 3 59 230 4 3 194 365 3 319 278 2 374 3 3 115 32 3 369 4 1 4 387 4 382 90 4 1 1
1000 1000
4 3 4 4 1 1 3 3 3 1 4 2 4 2 2 1 2 3 3 1 1 3 3 4 4 1 1 4 3 3 1 4 3 2 1 4 4 1 1 4 2 4 1 2 1 1 3 4 4 2 3 4 2 4 1 2 3 2 3 4 1 2 3 1 3 2 3 1 1 1 4 3 3 3 4 2 1 1 1 4 3 2 2 3 3 4 2 1 1 2 3 3 4 1 4 1 1 1 4 2 2 1 3 2 3 3 4 3 1 3 3 4 3 4 3 2 1 3 3 4 2 4 3 2 3 2 3 3 4 1 2 2 4 1 2 3 3 2 1 4 4 4 1 1 4 1 4 4 2 2 2 4 3 3 2 2 2 1 3 2 2 3 2 4 4 4 2 2 2 2 1 3 2 3 4 3 4 2 4 3 3 3 2 1 2 2 3 2 1 2 1 4 2 1 3 4 2 4 2 2 3 2 3 2 2 2 1 3 4 3 2 1 3 4 1 4 4 4 4 2 2 2 2 4 3 2 4 3 3 3 2 3 3 2 1 1 4 3 4 3 1 2 3 3 3 1 4 2 2 2 2 3 4 3 4 3 2 3 2 3 1 3 1 2 4 1 3 4 4 2 2 1 1 2 1 3 2 2 1 1 3 4 3 1 2 4 2 2 2 2 1 1 1 1 3 1 1 4 2 1 3 1 2 1 4 3 4 3 4 1 2 1 3 1 3 2 4 4 2 3 1 2 4 3 3 2 1 1 1 3 1 4 2 1 2 1 2 4 1 3 2 3 1 2 4 1 3 2 4 3 4 1 3 4 3 1 4 2 4 3 4 1 1 2 3 2 2 1 4 4 3 3 1 3 2 3 1 1 4 3 2 2 3 1 3 4 2 3 2 1 4 3 1 2 1 4 3 3 2 3 3 3 1 3 1 1 1 4 4 1 4 1 3 4 2 1 4 3 2 2 2 1 4 1 1 4 4 1 3 2 2 4 1 4 2 4 2 4 4 1 4 3 3 2 1 3 1 4 2 3 4 3 4 3 3 2 2 2 2 4 2 2 4 1 1 4 2 3 2 2 2 1 3 1 3 3 1 3 4 1 3 4 3 2 4 2 2 4 3 4 2 1 1 1 4 1 1 2 3 4 3 1 3 4 4 3 3 1 1 3 4 4 3 3 2 1 2 4 2 2 1 2 4 2 3 1 3 4 2 4 1 4 2 1 1 2 1 1 4 1 2 1 2 4 3 1 1 1 1 1 1 4 1 3 4 2 2 3 4 4 3 1 3 4 4 4 3 3 4 1 3 1 4 4 3 3 3 4 2 4 1 2 3 4 1 4 3 3 2 3 3 3 3 4 3 2 1 2 3 1 2 2 1 2 2 4 1 3 1 2 1 2 1 1 4 3 1 3 3 4 1 3 2 3 4 3 3 1 3 1 2 1 2 3 1 1 2 4 3 4 1 4 1 4 2 4 3 4 2 1 1 2 1 4 1 1 1 3 2 1 2 4 4 1 2 4 2 1 4 3 3 4 3 3 2 1 3 2 3 1 1 1 2 3 1 2 1 1 4 2 2 4 1 2 1 2 3 2 1 1 4 3 3 3 4 4 4 2 4 4 4 2 4 1 1 3 1 2 1 2 1 3 3 4 2 3 1 1 1 4 4 4 3 3 4 1 4 3 3 2 3 2 2 2 4 1 4 4 3 1 4 2 2 3 1 3 3 1 1 2 4 4 3 2 2 2 2 4 1 4 4 4 2 1 4 4 2 2 3 2 1 1 3 1 3 4 4 4 1 3 2 2 2 3 3 2 2 1 1 3 2 4 3 1 4 2 1 2 1 4 2 4 3 1 2 4 1 2 2 2 2 2 3 4 3 2 4 1 1 4 2 3 2 2 4 1 2 3 2 3 1 3 2 4 1 1 1 3 2 4 3 4 1 3 2 1 3 4 1 2 3 3 3 1 2 2 4 3 2 2 1 2 3 1 2 2 4 3 3 3 3 1 2 2 4 1 1 4 4 1 1 4 4 3 4 1 4 4 2 4 4 3 4 4 4 2 1 3 2 4 3 4 2 4 4 2 3 3 2 4 2 1 2 4 3 1 3 3 2 3 4 3 2 3 4 4 2 4 4 2 4 4 2 2 4 4 1 2 2 2 2 3 4 4 4 1 1 2 1 4 4 1 3 4 2 2 4 2 2 4 2 3 1 3 2 2 4 2 3 1 2 2 2 3 4 1 1 3 1 3 2 2 2 2 4 4 1 4 2 2
81 2 64 342 4 217 4 2 2 373 339 235 35 239 4 175 2 3 142 297 2 360 134 2 4 400 2 2 2 1 198 4 288 2 3 347 272 1 100 3 365 3 268 4 1 350 1 245 274 2 1 3 3 95 331 1 184 2 3 1 4 390 3 85 1 4 3 247 2 2 207 4 24 340 106 4 1 1 1 3 4 379 261 1 357 200 2 1 4 222 351 3 161 1 2 249 1 3 364 192 305 1 4 1 1 4 65 2 397 321 284 4 4 3 131 144 355 202 246 3 300 2 263 3 199 4 82 45 4 1 4 2 3 326 2 4 11 76 3 3 4 344 2 177 3 3 4 4 2 229 1 156 3 2 250 4 219 337 190 4 27 2 1 2 4 171 206 2 17 208 2 221 2 318 34 2 3 1 322 136 8 53 4 3 2 1 3 178 4 1 118 3 1 319 4 4 1 376 276 2 49 1 1 4 201 3 3 3 1 389 3 2 1 3 262 4 3 289 1 3 361 313 4 3 1 4 3 4 2 2 3 4 1 358 3 96 147 2 2 31 359 4 2 4 225 2 1 377 3 280 185 2 1 3 1 1 2 307 3 1 333 3 1 325 52 4 2 279 330 316 4 298 348 367 203 3 282 2 3 22 270 374 399 4 2 1 127 293 194 255 4 2 302 3 3 1 128 3 135 71 354 248 4 4 2 183 2 4 107 1 4 1 275 2 226 150 1 4 1 79 1 287 1 4 130 1 1 1 88 4 16 193 133 4 244 40 3 29 220 398 1 5 388 39 3 2 343 385 238 149 3 4 1 4 242 2 1 4 2 3 1 314 258 353 4 3 2 1 3 2 2 4 336 143 370 1 2 1 36 2 4 3 4 50 4 4 2 4 102 380 2 254 139 41 4 3 4 4 4 180 122 4 2 310 83 3 1 1 296 120 4 233 1 218 4 1 371 3 1 98 2 4 4 3 4 2 3 163 381 4 3 2 181 124 346 3 56 1 2 271 2 290 3 3 352 1 103 3 3 1 3 2 1 4 395 148 141 77 3 252 4 253 212 1 54 3 299 4 286 1 4 1 157 230 2 162 2 338 4 1 3 60 2 240 403 2 231 3 394 3 266 4 155 4 232 1 137 4 2 2 349 99 4 234 3 4 195 1 59 4 2 4 1 311 3 3 1 334 4 4 3 132 4 3 94 159 362 1 243 191 7 4 2 189 2 1 2 110 304 37 323 2 3 4 4 2 2 70 21 1 2 32 2 383 3 404 2 341 4 3 3 369 306 2 4 3 3 1 4 26 4 145 4 1 2 3 170 1 4 72 335 4 3 2 2 1 176 2 1 151 2 2 196 146 73 89 3 2 187 9 2 4 2 68 2 4 174 402 1 2 2 216 1 3 3 179 4 2 28 3 396 372 2 312 111 2 1 332 1 368 4 2 2 4 1 3 4 2 4 2 209 164 140 2 4 2 4 3 3 154 308 43 366 3 4 315 283 384 125 3 2 382 66 67 1 4 3 4 3 1 1 236 1 1 1 3 4 4 251 281 4 2 2 4 2 2 4 3 3 25 51 30 2 4 126 2 1 1 4 1 1 4 3 117 3 173 121 63 114 152 3 277 1 2 1 1 3 3 1 2 2 267 15 4 123 3 3 4 4 260 112 3 2 3 90 2 109 1 393 4 1 211 4 1 3 169 3 3 116 2 197 392 2 4 291 1 138 44 3 2 4 4 104 14 4 153 2 42 2 91 363 4 3 172 3 256 4 1 1 38 87 2 3 3 401 3 378 129 213 356 237 1 4 386 3 3 2 61 92 2 4 84 4 188 2 80 3 4 4 292 3 2 224 105 2 2 3 3 2 4 1 1 48 2 2 2 1 2 317 328 2 1 4 2 2 113 264 1 265 375 210 2 1 303 74 158 165 3 4 2 4 1 3 3 2 78 273 2 2 1 62 204 1 3 324 227 18 309 2 2 4 86 2 345 75 1 2 1 2 3 2 2 2 47 2 1 4 2 2 4 2 3 327 3 97 1 3 23 294 228 278 2 1 301 2 2 1 3 214 3 4 2 6 182 1 1 257 1 3 259 1 2 1 2 3 3 93 1 69 295 1 1 269 320 1 3 3 2 46 1 2 4 55 1 215 1 241 1 108 4 4 391 166 285 3 1 1 2 3 58 1 33 3 115 223 3 3 1 101 167 19 4 205 1 10 160 2 119 3 57 20 2 1 1 1 2 4 12 1 3 13 2 1 387 186 4 2 2 168 329
1000 1000
4 4 4 4 2 4 4 2 1 1 3 1 3 3 1 4 1 4 2 4 3 3 4 2 2 1 4 3 1 3 4 2 3 4 2 2 4 1 2 1 3 3 3 3 1 1 4 1 3 3 3 4 3 2 2 4 1 2 1 4 2 1 2 3 4 3 3 2 1 3 3 1 3 3 3 1 1 1 3 3 2 3 1 4 4 1 4 4 1 3 1 4 3 2 3 4 1 2 4 1 4 2 2 4 3 1 3 3 3 4 3 2 1 4 4 1 3 3 1 4 3 3 3 3 3 3 1 1 2 4 4 1 4 3 3 1 4 4 4 2 2 2 4 4 3 4 1 2 2 2 3 1 3 1 2 4 3 1 2 4 4 1 2 4 1 3 1 2 4 2 3 2 2 3 1 4 1 3 2 3 3 1 1 3 2 2 4 2 4 4 1 2 4 3 2 4 3 4 1 1 3 1 1 2 3 4 4 4 1 1 1 1 1 4 2 1 2 4 3 1 4 1 3 2 1 1 2 3 1 1 4 1 4 2 2 2 2 2 2 1 1 2 2 1 2 3 4 3 4 3 3 4 3 4 3 2 1 2 4 2 4 1 4 3 3 2 2 1 1 2 1 4 4 3 4 3 1 2 3 2 2 2 1 4 4 3 2 3 1 1 4 4 1 4 2 1 2 1 3 4 4 3 1 4 1 2 4 1 4 3 2 2 3 3 4 3 1 4 1 1 4 3 1 1 4 2 1 3 3 2 3 3 4 3 2 4 3 4 4 2 1 3 2 3 3 3 2 2 4 3 4 4 1 2 3 4 2 1 3 2 4 3 4 3 4 4 1 3 4 3 2 2 3 3 3 1 2 2 1 1 3 2 3 1 1 3 3 3 2 4 3 4 2 2 2 3 4 1 2 2 3 3 1 4 3 1 2 1 3 2 2 4 3 4 3 1 4 1 1 1 3 1 1 3 4 3 2 2 2 2 2 1 3 1 1 3 4 4 3 4 3 4 3 4 1 3 3 3 2 4 3 1 1 1 1 3 3 3 4 2 1 2 4 4 2 1 1 3 2 4 3 3 2 4 4 4 3 3 1 2 1 2 2 2 3 3 2 4 3 3 4 4 1 2 4 1 3 4 1 4 1 1 1 3 4 1 1 4 1 4 1 1 4 4 4 3 3 3 1 2 2 3 1 4 1 1 1 1 1 4 4 4 4 3 1 3 2 4 3 2 2 2 1 1 1 2 4 1 1 2 4 3 3 3 4 4 3 2 4 2 3 2 1 3 3 1 2 1 4 3 2 1 1 1 1 4 1 1 4 1 1 3 4 4 4 4 1 4 4 4 2 2 2 4 3 3 1 4 2 2 1 4 4 1 3 4 2 3 4 4 2 2 2 4 3 1 3 2 1 3 4 4 4 1 3 4 2 4 2 1 3 2 2 3 4 1 3 3 3 4 4 3 3 2 4 2 4 1 4 2 3 3 1 4 4 1 3 4 1 1 4 4 2 3 2 4 2 3 4 1 1 1 2 1 3 1 2 2 3 2 1 4 2 3 4 2 4 3 3 1 1 3 2 3 1 3 1 2 2 1 3 2 4 2 3 4 4 1 3 3 1 4 2 3 1 1 4 2 4 4 2 3 2 3 4 4 3 4 1 3 3 4 4 3 4 3 3 4 2 2 2 3 2 4 2 4 2 2 4 4 3 2 1 2 3 1 1 2 2 2 2 1 4 3 1 2 3 4 2 1 1 4 1 2 2 4 3 1 3 1 3 2 4 4 1 1 3 4 2 4 2 2 4 4 4 1 1 3 4 3 3 1 2 3 3 4 1 2 2 1 3 1 4 3 1 4 2 4 1 3 1 4 4 2 1 1 4 4 3 2 3 2 1 3 4 3 3 1 3 1 3 1 1 2 4 3 1 1 2 3 3 4 2 3 3 3 1 4 2 2 4 4 1 3 3 2 1 3 4 2 4 1 3 4 1 2 4 4 4 4 1 2 2 3 2 2 1 4 4 1 3 3 4 3 3 2 2 3 1 1 4 2 2 4 2 3 4 3 2 3 2 4 3 1 3 4 4 3 1 4 2 4 2 4 2 2 3 1 3 1 2 3 4 1 4 3 2 4 4 2 2 2 2 3 4 4 1 3 2 1 2 3 3 4 1 2 3 3 3 2 4 4 2 1 1 2 3 4 2 3 3 2 4 4 3 4 1 4 2 1 3 1 4 3 3 4 4 3 4 1 1 3 2 4 4 1 3 2 1 1
307 21 4 4 252 4 3 73 1 3 7 2 308 222 2 98 2 3 1 4 383 2 79 88 1 246 245 3 355 31 92 194 3 4 2 1 3 65 1 2 4 53 138 42 266 1 22 4 4 4 1 4 4 2 4 4 398 1 2 3 62 3 1 3 70 134 3 1 4 67 4 4 2 181 23 3 1 150 4 4 372 3 374 4 82 3 3 91 250 4 2 1 324 3 2 3 216 142 3 2 3 1 64 137 4 1 225 1 212 4 1 104 259 4 3 4 1 1 201 4 3 348 2 4 4 3 368 4 209 261 379 323 4 2 2 3 2 57 4 1 1 2 151 2 4 289 221 381 344 3 3 4 328 2 384 3 1 1 4 3 3 347 1 4 2 350 164 2 2 153 264 369 402 3 3 3 364 4 1 2 2 3 4 271 290 3 1 117 2 2 132 210 4 4 1 332 71 168 306 4 3 208 8 4 1 302 226 2 1 4 4 3 404 318 4 3 4 3 89 401 1 321 285 399 1 178 265 275 4 3 3 147 4 2 2 312 202 255 288 2 1 175 349 183 2 334 3 319 3 389 4 9 3 75 373 366 4 3 2 58 280 2 3 304 1 4 3 3 3 54 3 1 25 367 2 86 116 109 253 2 298 2 3 1 4 2 3 55 177 196 191 34 85 76 3 3 69 237 2 1 3 3 3 4 4 214 2 331 241 2 3 2 1 274 390 1 4 1 337 4 2 3 2 1 93 3 3 2 1 44 140 1 359 3 47 2 4 1 1 1 1 2 101 3 3 4 2 2 4 13 2 4 233 4 3 2 2 2 14 1 1 3 1 272 1 352 1 1 370 2 362 145 189 2 2 2 311 2 403 1 4 4 4 386 3 220 1 5 32 3 184 3 1 1 1 1 1 268 309 295 286 4 284 380 2 2 4 40 341 2 3 16 3 173 1 218 4 3 4 4 2 1 310 1 4 3 4 1 1 3 336 4 155 1 39 3 4 18 198 2 3 4 1 249 2 4 2 114 239 4 1 4 234 1 4 204 87 396 1 1 3 171 4 129 118 2 1 3 1 211 2 170 3 205 224 102 3 1 1 3 193 1 192 124 1 200 2 4 152 2 3 262 174 3 294 269 1 3 36 49 4 186 4 3 3 1 287 1 1 4 15 1 3 24 1 4 28 4 3 232 397 1 400 292 33 217 391 4 1 2 110 1 37 3 4 4 1 4 1 363 2 2 300 107 2 276 3 66 160 387 1 143 3 327 2 4 1 4 4 1 3 235 113 343 215 361 240 4 1 4 84 2 52 4 148 263 231 106 4 4 4 80 197 353 2 6 4 3 2 38 3 4 180 207 1 126 4 4 3 278 326 4 2 130 2 1 2 296 43 99 4 20 2 4 2 333 2 4 3 1 108 2 163 1 56 96 4 188 3 330 3 1 3 2 1 149 1 376 3 3 1 2 4 3 45 315 322 2 122 1 1 1 133 3 4 3 29 1 4 1 3 1 3 3 247 4 2 2 182 166 3 154 3 291 4 60 313 3 2 244 199 157 4 94 3 162 2 351 3 123 119 251 277 50 4 2 97 1 213 273 3 2 121 3 4 158 270 342 136 3 127 3 10 229 2 1 3 1 3 4 3 1 4 3 1 112 1 4 267 4 3 4 4 3 203 1 228 230 1 282 1 338 1 161 3 345 3 100 4 1 3 68 3 299 2 301 2 2 4 159 2 1 356 144 2 393 3 375 206 3 223 4 4 4 2 354 46 254 1 4 2 3 1 1 2 128 169 105 2 2 2 78 1 179 1 371 3 394 167 3 3 2 81 111 283 1 1 2 51 4 4 281 293 1 1 1 339 388 1 305 4 3 165 2 4 1 2 2 4 365 2 4 27 2 360 2 2 4 4 4 3 3 141 4 1 395 1 1 3 1 41 61 1 4 48 4 320 3 2 358 4 135 1 325 190 219 346 378 258 125 131 2 3 3 4 2 2 3 90 26 156 329 242 340 4 4 248 2 3 2 63 392 385 279 3 2 2 4 195 260 77 17 2 4 1 3 4 2 4 103 2 236 12 357 146 74 139 1 4 4 4 4 4 3 3 2 4 3 3 3 3 4 3 185 297 30 35 3 2 335 3 115 1 256 59 3 303 1 2 2 4 4 72 83 317 257 2 227 2 4 314 4 3 2 243 2 2 3 382 377 187 316 3 1 1 1 1 238 2 176 4 1 11 19 3 95 2 2 120 2 172 2 4 1 3 1 3 1 1 1
1000 1000
1 3 2 2 4 4 1 3 4 1 4 2 4 4 4 1 4 3 3 3 3 3 2 3 2 2 1 3 2 1 2 2 1 1 2 3 2 1 2 1 2 1 3 4 4 1 2 3 3 3 3 1 3 2 3 1 4 2 4 1 2 4 4 3 1 1 2 2 2 4 3 4 4 4 4 3 3 4 2 3 3 2 2 2 3 1 1 3 1 2 2 1 2 4 4 1 4 1 3 3 1 3 2 1 3 2 2 3 2 4 4 4 3 2 1 4 4 3 4 1 4 3 3 3 4 2 4 2 2 4 2 3 4 2 4 1 2 4 1 3 1 1 4 3 3 3 3 3 4 2 4 1 3 4 2 3 2 1 3 2 4 1 1 4 3 4 1 1 3 4 3 1 3 3 1 4 4 1 2 4 4 2 1 4 1 4 1 1 2 4 1 3 4 3 1 2 2 1 2 3 3 1 4 2 3 4 1 1 1 3 4 2 2 3 3 4 1 1 3 3 1 1 3 3 1 3 4 4 1 1 3 2 1 2 3 4 2 2 4 2 3 3 3 4 1 3 2 2 3 1 3 2 3 3 2 4 4 4 2 4 2 2 1 2 1 3 2 3 4 3 3 3 4 1 3 2 3 2 2 4 2 4 3 2 1 3 2 4 3 1 4 2 2 3 4 4 1 2 2 2 1 3 4 3 3 2 1 4 2 1 4 2 2 1 3 2 1 3 3 4 2 1 3 2 4 1 2 4 3 2 2 2 3 3 4 1 2 3 4 3 3 3 1 4 4 4 1 4 4 3 2 2 1 2 2 4 1 3 4 3 1 2 3 3 2 1 3 2 4 3 4 2 2 2 4 1 3 1 3 4 4 2 2 3 1 1 1 1 4 4 3 1 1 2 4 2 3 1 3 1 2 1 3 1 4 3 2 1 1 1 4 4 1 2 3 2 1 3 3 1 2 3 2 3 1 3 3 4 2 2 2 3 1 2 2 4 2 1 3 2 3 1 4 1 4 3 2 4 3 3 3 1 4 2 2 1 4 1 3 1 2 3 3 1 3 3 4 2 4 1 4 3 3 3 2 2 4 1 4 4 4 4 2 2 3 4 1 3 4 2 1 2 3 4 1 1 2 4 2 1 4 4 2 1 3 1 3 1 2 3 2 1 1 3 2 1 3 2 1 3 2 2 3 3 4 1 4 4 3 1 2 2 2 3 3 3 1 4 3 4 3 2 2 1 4 1 4 3 2 1 4 2 3 3 4 4 3 4 2 2 3 3 1 1 2 4 1 3 4 2 3 3 1 2 4 3 3 3 4 4 4 1 4 3 3 3 4 3 1 3 1 4 3 1 2 2 1 3 2 4 1 2 4 2 4 2 3 1 3 4 4 1 3 3 4 3 2 1 2 2 4 1 4 4 4 1 1 4 1 3 2 3 3 1 2 2 4 2 4 3 1 1 3 4 1 1 4 1 3 2 3 2 2 4 4 2 4 1 1 4 2 3 2 4 4 4 2 2 2 1 2 2 3 4 1 4 1 3 2 4 1 2 4 4 2 4 2 3 2 4 3 3 1 1 3 3 2 4 1 3 2 1 2 2 3 3 1 4 2 3 2 3 2 4 1 2 4 3 1 2 3 4 2 4 2 4 3 4 2 3 1 4 3 4 3 4 4 4 4 1 4 1 2 1 3 4 2 2 2 3 1 3 4 1 3 4 4 4 4 4 1 2 3 4 1 2 4 1 2 3 4 1 4 3 2 4 4 4 1 3 3 2 3 1 3 4 3 1 3 4 4 1 2 4 4 1 4 1 3 4 3 1 1 1 4 4 1 4 3 4 4 2 3 1 2 3 2 4 3 2 2 1 4 4 2 1 4 1 2 2 4 1 4 3 1 2 1 4 4 2 2 3 3 1 1 2 2 4 2 4 3 3 4 1 2 1 3 2 4 1 3 4 3 1 4 4 2 3 4 2 4 1 1 4 3 4 1 3 2 3 2 4 3 2 2 2 4 4 1 4 1 3 1 4 2 2 2 3 1 2 1 1 1 2 1 4 4 1 2 3 2 1 4 3 1 1 4 4 3 3 2 4 1 1 2 4 4 1 1 2 3 1 4 2 3 4 4 1 2 2 4 1 4 4 2 1 4 3 1 4 4 3 4 2 3 3 4 1 3 4 1 2 4 4 4 2 2 1 1 1 2 1 3 4 3 1 1 1 3 2 4 2 3 4 2 2 3 4 4 3 1 2 1 4 2 1 1 4 2 2
2 79 4 326 65 3 330 2 3 298 2 4 2 4 294 3 3 59 57 182 389 2 307 4 4 217 4 2 385 150 3 2 1 87 30 83 364 316 2 4 41 1 4 285 3 7 2 3 3 338 2 143 4 3 1 28 3 4 3 341 196 2 4 12 4 339 215 131 2 346 398 1 195 2 100 1 4 4 1 1 2 2 1 4 15 68 193 4 3 1 1 4 3 333 1 375 148 320 216 3 4 1 161 370 4 3 4 374 194 310 4 1 306 4 2 2 2 3 3 3 111 3 2 4 4 154 62 2 2 2 2 4 227 2 1 3 3 4 4 78 2 10 4 40 366 1 4 219 356 2 2 343 1 1 24 27 1 3 4 237 266 110 1 244 329 3 106 3 3 2 236 4 2 2 2 401 254 3 238 354 3 2 3 249 4 4 2 2 1 37 233 92 280 3 130 4 2 4 133 393 102 1 1 1 3 25 4 4 189 4 1 2 4 3 2 3 1 121 58 4 2 2 3 3 2 2 2 3 81 4 80 2 287 4 1 2 1 1 218 1 3 314 388 1 3 3 272 317 252 2 4 221 4 1 43 3 4 4 332 1 3 3 119 2 138 4 3 4 226 1 109 289 125 3 3 3 277 2 104 4 1 97 1 2 2 4 391 3 3 2 248 4 1 70 3 4 74 3 179 4 123 2 369 4 1 3 3 113 4 1 17 1 4 323 201 207 4 3 303 4 91 4 1 2 136 2 3 3 42 3 1 2 4 3 256 2 1 1 4 1 6 4 235 4 2 114 224 93 347 9 1 145 318 2 4 1 2 1 340 4 2 2 3 276 3 4 112 259 32 296 291 180 290 3 4 1 135 204 3 54 214 48 3 165 1 363 2 1 4 2 116 4 171 373 2 172 132 107 35 367 2 2 311 4 381 4 4 378 202 1 3 4 39 327 1 315 2 1 1 3 4 166 1 293 127 3 4 2 1 3 1 115 3 395 1 3 1 4 1 11 160 392 1 2 3 4 382 1 3 357 4 99 183 325 358 1 1 312 3 383 31 3 2 84 3 46 253 376 2 229 50 304 199 3 3 4 89 210 73 4 1 4 34 2 2 1 185 359 1 2 4 4 2 147 1 228 1 2 101 4 4 1 352 2 371 1 3 3 4 1 3 178 1 257 351 2 1 379 302 146 2 3 169 282 2 2 3 105 1 186 98 3 3 3 4 2 1 2 212 173 273 4 141 1 3 1 174 2 211 117 4 2 334 1 3 22 4 399 345 4 279 265 168 4 120 167 4 308 377 4 4 108 2 3 96 3 2 324 191 4 56 2 1 250 3 4 1 1 139 390 1 2 38 77 404 231 368 3 4 384 2 243 134 20 164 2 4 2 1 55 2 198 4 4 187 1 246 4 2 4 3 336 1 3 230 2 394 1 2 206 2 251 3 8 26 142 3 190 288 4 362 3 1 313 3 4 403 240 2 1 197 3 1 4 1 260 2 90 2 220 3 16 3 3 1 3 3 342 263 4 274 309 2 2 292 124 184 3 61 3 3 1 151 337 3 157 140 355 3 297 2 4 283 1 1 3 95 4 4 2 3 3 3 1 4 241 3 2 4 269 4 3 4 284 245 71 3 2 3 4 2 1 222 344 137 270 208 335 350 1 118 3 2 3 2 3 75 2 4 14 4 268 47 159 4 3 232 322 2 1 94 2 4 402 176 4 278 3 63 122 353 1 3 200 4 4 2 3 348 2 295 2 2 258 2 1 13 386 19 4 51 2 1 1 1 4 4 2 126 33 2 3 2 203 3 162 4 1 170 361 2 4 4 23 158 3 3 4 242 1 36 205 3 1 1 149 400 209 1 4 192 67 1 4 3 144 163 3 2 349 85 299 319 177 4 3 360 1 1 1 4 4 88 328 264 3 3 4 53 128 2 239 1 86 321 52 213 1 3 380 2 1 4 387 3 1 4 4 2 372 275 1 2 331 301 262 3 44 4 72 2 4 223 1 4 2 234 3 3 261 2 4 3 3 4 1 152 225 4 64 3 155 4 286 1 267 4 2 1 397 1 1 153 4 21 2 3 3 3 305 4 396 181 103 4 1 3 76 3 188 3 3 2 1 3 60 156 4 4 2 2 2 2 1 1 1 2 3 4 1 3 4 3 4 129 4 3 5 3 4 175 29 2 255 1 82 45 4 1 3 247 3 3 1 2 1 49 1 281 2 271 3 2 69 4 365 4 1 66 300 3 18 1 1 4 3 1 2 4 2
1000 1000
3 3 4 4 2 2 1 1 3 4 1 4 2 2 2 2 1 1 1 2 4 3 3 1 2 1 4 4 4 3 3 4 4 2 3 1 1 1 1 1 4 4 2 4 4 4 1 4 1 1 4 2 2 4 3 3 2 3 4 4 3 3 1 1 3 2 2 3 1 4 4 3 2 2 2 1 3 2 1 3 1 4 1 2 1 3 1 4 4 3 3 1 4 4 3 3 2 3 1 3 4 3 2 3 4 3 1 1 4 4 3 1 2 2 3 3 2 4 4 2 1 2 3 1 1 2 3 2 4 2 2 3 1 4 1 3 1 4 3 4 4 1 1 4 2 4 1 1 2 2 2 2 2 4 3 1 3 1 4 4 3 2 3 2 3 1 1 1 1 2 4 1 3 3 3 4 3 2 2 1 3 4 1 1 4 1 1 4 1 3 4 1 3 3 4 2 1 3 3 3 4 3 3 1 3 4 1 1 3 1 3 1 2 3 2 3 1 2 4 3 2 3 3 2 2 1 2 1 1 4 2 1 3 2 2 2 4 3 1 4 4 4 2 3 4 2 1 3 3 3 3 4 4 4 1 1 3 3 4 3 1 3 4 2 1 4 4 3 2 1 4 3 4 2 3 4 4 2 2 1 4 1 3 3 1 3 4 3 2 4 2 3 4 2 1 1 2 2 2 2 1 2 1 3 2 3 1 3 1 3 1 4 1 4 3 4 4 3 3 4 2 2 4 1 1 3 1 4 3 2 1 2 1 2 2 1 2 2 1 1 2 4 2 3 1 1 3 4 3 4 3 1 3 2 1 3 3 2 3 1 4 1 2 2 1 2 1 2 3 3 2 1 3 1 3 4 4 4 3 2 4 4 1 1 3 2 4 4 2 2 4 3 3 4 2 2 3 4 3 3 4 1 2 3 1 1 1 3 1 4 4 2 3 2 1 4 3 4 2 2 4 2 1 3 4 2 4 3 3 3 4 3 4 4 3 1 1 1 3 2 4 2 4 1 4 1 1 2 2 3 2 4 4 4 2 4 4 1 3 3 4 3 2 2 2 2 3 2 1 4 3 1 3 2 4 2 1 2 3 1 1 3 3 2 3 2 2 3 4 2 1 1 4 3 1 1 4 3 3 4 1 1 2 1 1 4 1 2 1 1 3 2 3 4 3 2 4 1 2 3 3 3 3 1 4 1 1 3 1 3 4 3 3 2 2 4 4 3 1 2 4 2 4 1 1 1 3 3 1 3 1 3 1 2 4 4 2 4 4 4 2 1 3 3 3 2 3 1 3 4 1 3 2 2 4 4 2 1 3 2 3 3 1 1 4 1 2 4 3 1 1 3 1 2 3 1 1 4 4 3 1 2 4 2 4 2 4 2 4 3 2 2 1 1 4 1 4 4 4 1 1 1 1 1 2 2 2 4 3 1 2 1 3 2 1 4 1 3 3 2 4 4 2 3 3 1 4 2 1 4 2 4 4 3 1 3 1 3 1 1 4 1 2 4 4 3 2 3 3 3 4 2 2 4 1 1 4 3 3 1 2 4 1 4 2 2 1 3 2 2 1 2 4 1 3 2 1 2 2 1 3 2 3 2 3 3 4 2 3 3 3 4 4 1 2 2 2 1 1 2 1 1 1 3 4 1 3 3 1 2 2 4 1 3 3 2 4 3 4 2 2 2 2 4 1 1 4 4 1 3 1 2 2 3 4 1 4 2 1 2 1 2 4 4 1 4 3 2 1 1 1 3 1 3 3 1 2 2 3 3 1 4 3 3 2 2 2 1 4 1 2 3 2 4 2 2 3 1 2 1 4 3 2 4 3 2 2 4 2 3 3 3 1 3 2 1 2 3 1 3 1 2 4 1 2 3 2 4 4 1 4 1 2 1 4 3 2 3 4 3 2 2 1 4 4 4 3 3 2 4 3 2 1 1 1 1 1 4 4 2 3 4 4 3 3 2 4 3 1 1 1 3 4 2 3 2 1 2 3 2 4 4 1 3 3 2 1 2 1 4 1 2 1 4 3 3 4 3 4 2 3 3 1 1 3 2 3 4 1 1 4 1 3 2 1 3 3 3 3 1 1 1 4 4 3 3 4 1 4 4 4 4 2 4 2 4 1 1 4 1 2 3 4 2 4 3 2 2 4 2 3 1 3 2 2 3 4 4 3 3 3 3 2 2 1 3 3 2 1 2 1 2 1 1 2 3 4 4 2 4 3 2 4 1 3 4 2 3 4 4 3 2 1 4 2 4 4 2 3 4
3 4 203 4 83 2 3 1 4 4 4 4 2 1 55 193 3 3 202 60 3 4 4 393 3 2 258 3 4 3 2 4 136 368 3 2 2 403 1 3 36 96 388 2 2 137 1 2 135 400 3 4 4 299 1 1 3 1 1 4 1 1 183 312 3 152 2 235 2 1 78 4 3 4 2 196 306 1 2 197 1 59 1 1 4 222 2 97 113 4 3 302 1 87 253 1 1 63 3 4 2 261 4 2 3 146 24 2 51 3 100 4 18 252 3 2 4 3 3 4 161 115 364 4 2 1 2 4 319 1 37 80 2 66 4 345 1 2 110 65 366 317 4 3 92 2 2 1 4 215 1 352 4 218 356 1 114 4 1 301 200 3 1 123 151 2 4 4 3 2 3 1 4 3 339 351 57 3 3 1 4 1 133 257 1 363 179 3 1 1 3 291 3 6 13 297 3 3 40 2 4 2 3 4 2 2 231 11 141 3 2 2 3 8 4 88 395 328 3 139 3 2 2 38 1 2 225 157 3 2 4 3 3 17 69 251 1 4 2 2 4 3 2 189 1 138 1 1 367 112 3 2 341 2 4 29 2 3 201 3 39 209 219 4 4 2 1 1 2 25 4 379 91 247 1 4 246 204 320 116 81 1 256 1 125 298 3 1 1 4 34 4 4 109 2 316 3 282 1 3 3 1 48 3 4 210 2 3 242 3 360 383 303 314 1 198 3 1 4 82 4 249 310 58 3 1 2 4 3 2 4 2 1 2 4 2 4 15 7 1 359 338 4 4 378 120 1 386 289 165 1 2 300 4 1 3 4 4 2 4 4 217 4 250 1 1 1 1 322 342 168 1 239 390 4 1 4 1 287 3 158 192 2 2 10 3 3 45 84 277 2 2 26 3 3 98 3 128 228 4 2 1 1 369 4 1 3 207 2 4 190 241 2 3 4 272 2 240 20 181 49 1 4 255 396 2 23 353 344 3 2 3 3 2 148 4 1 130 2 1 1 3 1 50 337 2 1 1 41 1 279 3 19 1 3 3 1 1 4 4 4 46 3 1 3 1 2 1 184 212 3 1 2 2 1 99 3 243 2 155 1 2 1 1 1 4 267 1 292 321 4 1 4 394 1 3 3 149 1 285 2 349 27 2 1 392 1 145 237 4 1 77 4 205 362 177 1 2 2 262 260 4 2 1 340 311 4 402 2 2 3 3 3 4 2 3 162 1 2 94 1 126 229 2 2 281 2 1 304 288 43 1 2 2 3 3 64 4 101 334 4 3 4 4 2 4 44 2 172 134 3 3 2 4 2 72 3 4 107 67 276 153 2 106 3 75 266 347 160 1 154 1 105 2 2 2 3 361 2 214 2 3 2 70 4 108 335 2 1 3 1 3 1 1 4 129 3 2 42 4 326 185 1 259 1 3 143 3 4 230 85 3 331 3 4 283 3 227 263 248 2 89 3 124 2 4 4 3 1 35 333 2 12 4 3 220 3 1 346 173 1 387 5 175 4 3 164 3 1 3 4 144 4 4 90 315 1 3 1 31 2 280 33 1 208 1 9 3 3 4 1 73 2 305 1 216 4 245 1 206 3 187 1 159 211 3 358 2 270 308 4 4 377 3 269 3 381 62 365 4 3 3 194 4 1 68 401 1 2 273 376 4 343 1 3 3 166 79 2 14 3 3 4 4 3 186 284 1 4 1 2 4 236 2 309 111 3 2 293 354 3 4 3 323 233 4 3 2 373 2 221 3 191 318 357 3 3 3 325 56 3 1 4 371 118 1 1 4 1 332 1 102 3 296 122 117 4 355 398 1 224 1 1 2 4 3 286 104 121 32 4 2 1 3 2 1 174 268 275 1 397 294 350 327 1 167 178 4 3 1 2 95 385 2 156 372 264 4 140 2 53 3 1 2 93 295 254 1 169 232 4 1 61 3 370 1 52 3 2 3 86 4 4 3 213 28 274 4 119 391 2 389 180 195 4 375 4 2 22 3 127 47 2 4 348 2 3 3 290 3 2 2 4 374 3 380 234 3 4 2 238 1 4 3 4 2 188 4 3 170 147 3 4 3 329 171 4 1 176 382 2 399 2 103 163 2 131 1 2 3 3 132 4 1 3 1 4 384 4 1 4 4 4 71 3 199 330 2 2 2 271 3 2 3 4 3 226 3 16 4 1 265 307 76 1 4 223 4 30 21 313 1 3 4 278 54 324 2 244 4 3 3 1 3 1 404 150 3 336 1 142 3 4 182 2 2 74 4 3 4
1000 1000
1 2 1 4 4 2 1 3 4 1 2 1 3 1 1 2 2 3 1 2 4 4 3 1 3 1 4 1 1 1 2 2 1 1 2 1 4 4 2 3 4 2 4 4 3 4 2 2 4 2 4 4 1 4 4 3 4 3 1 3 3 3 3 3 2 2 2 1 1 1 4 2 2 3 2 2 3 4 1 4 1 2 3 3 4 4 3 3 3 2 1 1 2 4 1 2 4 3 4 2 3 4 4 3 4 4 3 2 2 2 3 3 4 4 4 1 1 3 4 4 1 2 3 2 4 2 4 1 1 3 1 3 1 1 4 3 3 4 4 2 1 3 2 3 3 3 4 2 4 3 3 4 2 3 4 3 1 1 2 1 2 3 3 3 1 4 3 3 4 2 1 1 3 2 1 4 1 1 4 3 4 4 3 2 4 4 1 2 1 2 3 4 1 3 3 4 3 1 3 2 1 1 4 1 3 2 2 1 4 4 1 4 3 3 2 2 1 2 4 3 3 1 3 4 4 2 2 4 4 3 3 1 4 1 3 4 2 2 2 1 2 4 3 2 4 3 1 2 2 2 4 1 1 4 3 4 2 3 3 3 4 3 1 2 3 2 3 3 2 4 3 4 2 1 4 1 3 2 2 4 2 2 2 2 4 4 3 2 4 4 2 2 3 1 4 1 3 3 2 1 3 1 3 4 4 4 4 2 1 4 3 3 4 3 3 4 2 2 1 4 1 4 3 1 3 2 1 3 2 2 1 4 1 3 2 3 1 1 4 3 3 4 1 1 4 3 1 4 2 1 2 2 3 1 3 1 4 2 4 4 4 3 2 4 1 3 2 4 4 1 2 1 1 1 2 3 3 1 2 4 1 4 4 4 2 2 1 2 3 3 3 4 2 4 3 1 3 1 4 3 4 1 1 1 3 1 3 2 3 4 1 4 1 2 3 2 1 2 2 1 3 2 3 2 1 4 2 1 3 3 3 1 2 2 3 2 1 4 1 1 2 3 1 2 4 2 2 2 2 1 2 4 2 1 3 2 3 2 4 1 3 1 4 2 4 1 3 1 3 4 1 4 3 3 1 1 3 3 2 4 1 3 4 3 3 1 2 2 2 4 1 1 2 2 4 3 2 3 4 3 3 2 4 3 4 1 3 2 2 2 3 4 3 2 4 2 2 3 4 4 3 2 2 2 4 3 1 3 2 4 2 2 3 4 2 1 1 4 1 4 3 3 1 2 2 2 1 3 2 2 3 1 3 4 3 2 3 3 1 2 3 2 2 2 2 1 4 4 3 4 1 4 3 3 3 1 4 3 1 3 2 2 2 2 2 3 3 1 2 1 1 1 1 4 2 3 4 4 4 4 3 4 1 4 2 3 3 3 2 2 1 1 4 3 3 2 4 4 2 2 4 1 3 1 3 3 3 3 4 4 1 2 2 3 1 1 3 3 2 2 1 4 4 4 1 1 1 2 1 1 4 1 3 4 2 4 2 3 3 4 3 4 3 4 1 1 1 4 1 1 4 2 2 2 3 1 1 2 1 2 1 3 3 1 1 2 3 2 2 2 4 1 2 4 2 4 2 3 4 4 1 1 3 1 1 1 1 3 2 1 2 1 2 3 4 2 1 1 2 2 4 1 3 1 4 2 2 1 2 3 3 3 3 4 1 4 2 4 3 2 2 2 3 1 4 2 2 1 3 4 2 4 2 4 1 1 2 3 3 4 3 2 2 1 2 2 3 3 2 4 4 2 2 4 1 3 1 4 3 3 4 3 3 3 1 3 1 1 2 1 1 2 1 1 3 3 2 3 1 4 4 1 1 4 1 3 2 4 2 3 2 4 4 1 1 4 3 2 3 2 2 2 4 2 1 4 4 4 3 1 2 1 3 2 2 3 2 1 1 2 1 3 3 3 3 3 3 2 1 3 3 2 3 1 1 2 2 4 2 3 2 2 4 4 3 2 3 4 2 4 2 3 2 1 4 3 3 1 4 2 2 4 2 2 1 2 4 4 2 3 2 3 4 3 4 3 2 1 4 1 1 3 3 3 2 1 2 3 4 4 1 2 3 2 2 4 3 3 1 4 3 2 2 3 1 1 4 2 1 1 2 2 3 4 3 1 1 3 2 1 3 1 4 4 4 4 1 4 1 2 4 4 4 4 1 4 1 3 1 2 4 1 2 2 4 2 4 3 1 4 3 2 4 2 2 1 3 1 3 3 3 4 1 3 2 3 1 2 3 1 2 2 3 2 3 2 4 2 3 3
220 2 4 4 319 4 1 3 2 53 396 4 3 3 4 4 4 4 4 1 343 197 365 4 8 122 84 3 3 3 363 3 2 163 2 3 2 4 249 110 287 3 318 4 1 3 2 3 4 125 1 85 4 3 3 326 3 3 1 4 3 160 3 2 2 346 320 2 2 329 59 1 2 2 185 93 4 338 1 2 358 3 24 3 3 376 114 322 14 29 2 4 3 1 2 4 123 386 3 3 2 267 3 1 378 3 305 277 1 63 279 2 1 4 109 211 3 2 128 2 1 203 4 178 2 3 353 241 2 3 1 145 120 2 3 2 132 383 2 117 2 194 3 3 307 388 339 1 35 337 4 115 3 299 2 67 4 374 73 316 233 2 206 4 1 1 13 89 1 2 4 323 221 12 3 4 280 4 3 2 157 4 1 4 103 4 385 3 1 2 4 2 230 69 2 1 333 370 76 94 161 137 4 37 1 348 1 1 364 4 3 2 4 1 1 268 4 83 3 4 4 1 3 2 116 382 4 2 3 354 4 3 2 1 45 3 375 1 347 58 1 2 404 1 2 181 1 3 2 4 212 3 2 359 4 3 3 2 144 2 41 3 1 4 2 403 3 264 393 1 4 398 3 2 154 46 270 295 2 2 124 193 4 4 1 313 198 1 2 2 1 3 271 262 11 2 4 5 314 54 399 344 80 2 3 3 31 1 4 332 395 143 4 3 111 4 4 2 369 3 342 77 1 1 3 4 91 88 4 1 3 2 259 242 173 286 4 138 4 3 265 1 3 367 43 36 2 3 3 2 1 3 100 70 1 281 4 34 4 1 39 32 174 179 285 1 2 2 1 213 129 4 236 368 42 4 4 1 4 2 2 3 153 2 3 186 152 2 4 175 3 146 180 2 1 3 239 2 3 278 254 246 1 1 2 2 136 2 92 3 1 273 199 214 4 3 2 2 82 224 2 2 121 44 2 1 4 315 18 292 4 3 3 108 107 3 150 1 2 387 104 4 4 355 248 1 95 3 3 244 1 1 72 3 2 3 4 352 3 2 2 1 402 1 2 4 4 390 4 1 215 105 2 360 1 1 3 4 284 2 3 57 335 2 131 40 172 373 4 66 4 3 1 1 118 4 2 191 25 208 50 1 141 96 6 361 2 49 2 156 1 3 289 294 3 27 182 4 149 1 3 275 2 4 3 1 3 71 2 324 2 177 2 341 4 4 4 1 1 3 1 272 1 392 2 2 2 130 3 263 1 3 1 1 2 2 1 1 142 1 20 65 235 3 2 1 3 2 4 1 51 1 227 3 1 3 15 3 2 283 4 257 135 1 2 293 1 3 297 3 1 4 3 291 4 74 2 4 151 381 19 4 112 4 4 327 2 3 176 33 3 81 87 357 3 4 1 61 1 282 2 269 4 311 1 3 4 3 3 1 231 4 3 52 4 4 340 303 2 4 133 2 2 1 3 2 298 4 1 2 3 372 2 4 16 2 7 261 4 4 321 38 2 4 4 3 1 379 3 3 274 2 3 2 2 350 232 4 196 1 397 26 139 4 210 1 1 2 204 4 3 1 10 4 1 3 2 165 183 1 2 168 256 401 1 1 4 1 2 240 1 4 3 3 99 216 64 3 3 296 188 164 4 4 159 2 9 2 3 3 218 21 2 2 90 1 4 3 3 4 2 2 202 304 1 192 48 2 55 1 2 3 3 4 106 330 3 2 345 4 3 207 4 3 301 3 4 251 2 3 4 3 1 2 2 226 1 377 4 356 1 3 1 371 140 3 4 3 28 228 1 1 3 148 1 238 2 4 3 1 127 2 2 229 167 3 1 310 306 4 3 170 2 1 3 3 317 2 237 4 189 1 3 250 253 223 98 2 4 1 4 276 1 155 252 1 3 4 4 2 2 56 2 4 1 169 1 3 4 4 60 3 4 201 3 4 325 102 1 1 209 2 68 1 2 1 113 4 380 3 349 4 234 3 1 1 3 184 334 2 2 205 2 255 389 147 1 1 2 79 166 4 4 3 1 97 187 2 217 86 260 171 200 3 22 4 2 190 245 2 247 78 4 4 331 195 4 394 3 309 243 3 225 1 1 3 1 101 3 219 119 17 4 1 1 23 1 400 158 4 308 1 126 1 2 3 4 1 4 3 384 2 3 134 3 266 258 1 62 3 2 312 2 2 4 328 3 1 222 3 75 3 47 2 336 3 362 4 1 4 366 30 4 351 300 290 162 2 2 4 391 1 288 3 1 2 4 302 3 3
1000 1000
2 2 4 4 4 1 1 4 3 3 4 1 2 4 1 3 1 3 4 2 4 2 1 3 3 1 2 2 4 1 4 3 2 2 2 3 2 2 4 4 2 1 3 2 1 3 2 2 1 3 4 3 3 1 2 4 1 4 4 1 1 3 3 3 1 4 1 2 4 1 1 3 1 4 2 3 1 3 3 3 4 1 2 1 4 3 3 2 3 1 3 4 1 1 2 3 1 3 1 4 2 2 3 2 4 4 2 3 1 1 4 4 2 4 4 3 3 3 1 3 2 4 2 3 4 3 2 4 4 1 2 3 2 4 2 3 3 3 1 3 4 2 2 1 2 2 3 4 2 1 3 1 1 1 3 4 2 1 4 2 1 2 1 4 4 1 3 1 4 3 2 3 1 1 4 4 3 4 4 2 1 2 3 4 2 2 1 4 1 2 3 4 3 1 3 2 1 4 3 2 2 1 3 3 4 2 2 3 1 4 3 1 1 1 4 1 1 3 4 4 3 1 1 1 1 4 4 1 2 1 2 3 3 4 3 2 4 3 4 1 4 2 2 3 1 4 3 1 2 2 4 1 1 3 3 2 3 3 3 3 1 4 3 2 4 1 3 3 2 4 1 2 3 4 4 2 3 1 2 4 3 3 1 3 1 2 2 1 4 2 1 3 1 3 2 1 2 4 1 2 3 4 1 1 2 2 1 3 1 3 2 3 1 2 4 3 1 4 3 4 1 3 3 3 3 1 4 4 3 4 4 3 4 3 4 2 1 3 3 2 1 2 2 2 1 2 1 4 2 4 1 2 3 1 4 1 1 4 4 3 4 1 3 1 4 2 1 2 4 4 2 3 2 3 4 2 1 2 1 2 3 3 4 2 1 1 4 4 3 3 2 1 4 2 1 2 3 3 4 3 2 2 1 2 3 2 1 3 2 4 2 3 2 1 1 1 4 3 4 3 4 4 3 2 3 4 4 2 4 4 4 3 3 3 4 3 1 4 2 4 4 3 1 4 3 2 3 1 4 4 1 2 4 3 3 2 3 1 2 4 3 2 4 2 4 2 4 1 3 3 4 3 1 2 3 1 2 3 3 3 3 2 3 2 4 4 3 4 1 2 3 4 2 3 2 4 1 1 2 1 2 1 2 2 1 4 3 4 3 1 3 2 2 2 4 2 2 3 3 2 1 3 1 3 4 4 2 3 4 3 4 3 3 1 3 2 1 2 4 1 1 2 3 3 2 2 3 3 4 3 3 4 1 1 3 4 4 1 4 3 3 1 1 1 2 3 1 1 1 1 1 3 1 1 3 3 1 1 2 4 3 4 1 3 2 3 2 2 1 3 3 3 1 4 3 4 2 4 3 3 4 2 4 2 4 3 3 1 4 3 4 4 1 3 4 4 1 3 2 1 1 4 2 4 3 2 1 1 4 1 1 1 2 1 2 4 2 4 3 2 4 4 3 3 2 3 4 1 2 3 2 4 4 2 3 2 1 2 1 2 4 3 4 1 2 1 2 3 4 4 4 4 1 4 3 1 2 2 3 1 3 4 1 2 3 2 2 4 3 4 4 3 3 3 4 1 4 1 2 3 4 4 1 2 1 2 3 3 3 4 1 1 4 4 1 3 4 4 4 4 3 3 4 2 2 3 3 4 4 2 3 4 2 1 2 4 4 3 2 3 3 3 3 2 1 3 3 1 4 2 4 4 2 4 1 4 1 2 2 3 2 4 4 1 2 2 3 3 2 2 3 4 1 4 4 4 1 3 1 3 1 3 3 3 4 2 1 4 3 1 2 2 1 2 2 1 2 2 3 3 3 3 4 4 1 2 2 1 2 2 3 2 1 3 1 1 2 1 1 3 1 1 3 1 3 1 2 3 1 1 4 4 2 2 2 4 3 1 4 3 3 4 3 2 3 3 3 2 2 2 4 2 1 3 1 3 4 2 3 3 2 4 3 1 4 1 1 3 1 3 3 3 4 1 2 4 1 2 3 4 2 1 1 2 4 4 4 3 2 4 4 2 4 4 1 1 3 4 3 2 1 2 4 2 1 1 3 1 1 2 3 3 4 2 4 3 3 3 3 2 1 1 1 1 2 1 3 3 1 2 4 3 1 4 3 3 2 4 3 1 2 2 3 3 2 3 4 3 2 1 2 4 1 3 4 2 2 2 3 2 4 3 1 4 3 1 3 3 2 4 4 2 1 2 3 3 4 3 3 3 1 4 1 3 2 3 2 2 4 1 4 3 2 4 1 4 4 1 3 4
2 2 4 371 63 100 4 2 46 2 331 3 2 42 277 4 1 288 8 3 3 2 3 287 2 4 2 3 32 3 2 3 3 187 2 245 3 3 3 3 3 65 3 1 92 1 1 1 3 4 1 2 4 1 2 2 115 3 336 83 2 2 386 1 2 270 3 1 1 145 3 4 3 71 147 133 345 188 4 1 385 4 4 1 397 273 266 201 1 1 280 129 269 4 1 3 3 3 3 244 253 1 3 128 4 4 2 2 2 4 211 4 3 3 285 4 3 1 367 3 195 341 117 3 1 3 2 4 140 98 4 4 3 2 19 66 4 1 154 68 3 398 41 37 4 1 2 36 1 1 3 122 393 121 403 163 43 4 148 4 2 323 3 1 4 4 399 1 96 4 1 118 156 326 1 2 3 4 3 2 3 4 4 4 1 2 368 2 1 2 250 214 33 55 249 189 219 3 181 3 1 97 2 3 1 4 1 4 1 2 3 3 1 2 4 82 234 127 1 86 3 3 218 1 1 116 3 26 79 1 3 78 3 335 4 22 4 342 279 28 4 1 3 173 3 3 4 327 235 197 2 4 1 1 2 1 3 131 223 161 75 1 1 169 2 356 4 1 1 263 2 4 1 2 4 4 2 3 2 380 3 2 69 49 328 215 64 14 1 268 4 217 333 1 4 2 324 295 366 101 220 112 135 208 9 3 51 177 38 186 382 1 1 4 2 4 302 2 2 4 166 1 2 3 2 344 4 2 2 1 258 3 231 3 3 1 54 4 59 3 4 1 278 384 314 4 180 1 2 4 95 1 93 2 2 172 4 4 138 1 1 232 2 262 3 3 4 372 362 3 1 4 164 4 260 1 1 2 272 1 3 1 1 4 1 4 4 2 44 3 67 2 3 3 123 1 1 346 158 176 3 144 60 3 2 47 4 4 3 388 3 62 108 2 1 3 50 1 137 3 3 2 317 1 233 4 1 3 275 3 3 224 157 4 80 29 3 2 3 390 3 2 374 3 4 73 3 1 259 89 162 4 20 3 27 4 168 2 179 190 3 4 2 120 240 182 387 3 246 291 4 35 276 10 1 149 119 4 4 3 4 271 3 31 4 2 146 4 72 4 4 230 3 334 1 213 247 1 1 1 212 1 3 4 381 4 4 309 3 310 4 2 2 2 305 363 191 178 3 1 2 3 304 2 90 45 2 2 3 379 165 193 40 320 4 1 4 2 52 2 4 4 248 130 229 4 3 364 4 237 136 254 4 239 1 124 1 3 4 282 373 3 11 2 2 1 1 377 4 2 2 2 1 3 1 357 322 1 4 142 2 1 2 222 4 4 174 238 1 303 105 3 87 3 2 4 300 1 4 4 1 2 338 206 221 330 3 4 61 1 4 18 113 1 2 369 107 202 2 3 2 299 194 3 4 1 132 53 3 3 2 185 2 30 227 4 3 109 152 1 355 6 21 3 315 3 4 400 292 284 1 2 2 102 3 1 3 110 106 3 298 3 3 2 4 34 2 4 3 209 392 3 4 3 3 4 3 2 1 394 3 339 1 1 2 81 3 3 3 111 4 395 2 307 16 199 2 4 175 4 274 296 94 311 4 3 4 3 255 1 3 204 4 2 210 3 312 1 3 3 319 2 1 1 1 1 343 2 3 257 126 402 3 4 1 3 265 2 2 2 4 4 3 2 170 4 3 183 264 3 290 4 4 3 3 3 3 2 1 3 3 225 267 3 389 293 261 340 25 200 1 57 3 3 1 3 4 347 151 4 3 318 241 7 404 2 104 243 4 2 2 1 4 1 3 1 3 4 2 308 3 4 4 3 155 1 361 2 351 1 3 1 3 3 5 1 4 349 58 376 99 3 2 3 4 375 1 2 306 348 4 4 1 4 103 4 2 4 4 153 2 3 4 1 203 2 4 125 4 1 39 2 1 289 3 2 4 1 251 4 207 3 313 13 56 91 4 198 4 2 3 4 350 383 1 1 2 1 2 358 337 2 139 4 1 1 2 192 252 378 3 4 1 332 354 353 329 12 4 286 301 3 401 85 4 1 1 236 2 294 3 3 396 1 3 143 4 325 3 3 114 283 134 360 4 297 1 242 77 4 316 4 24 365 1 228 3 256 2 4 4 2 3 281 4 3 1 2 141 84 2 3 1 3 3 1 4 2 216 150 2 15 3 4 159 160 391 2 196 70 4 4 3 167 76 3 1 1 48 3 23 88 74 2 171 4 184 3 1 352 359 17 226 321 205 2 3 1 3 370
1000 1000
1 2 1 4 3 4 2 2 1 3 1 1 1 4 4 2 3 3 1 2 2 4 1 4 3 1 2 3 2 2 2 4 3 4 3 4 4 1 3 3 2 4 2 1 3 2 4 4 3 1 2 3 4 4 1 2 4 4 4 4 1 4 1 2 2 2 3 1 4 3 4 4 4 1 4 3 3 3 1 4 4 4 2 2 4 2 1 1 1 2 2 4 4 3 4 4 3 4 1 3 1 3 3 4 3 2 4 1 1 4 2 4 4 1 3 4 2 3 2 3 1 1 3 4 4 3 3 3 1 3 4 3 4 4 2 3 3 1 4 1 4 1 3 4 3 1 2 3 2 3 3 4 3 1 2 1 3 2 1 2 4 2 3 3 3 4 4 4 3 2 4 3 4 1 4 3 2 2 2 2 4 1 1 3 2 2 1 1 1 3 2 1 3 2 4 3 4 4 3 4 3 3 4 4 3 4 4 1 2 2 4 4 1 3 4 1 4 4 2 4 4 3 4 2 1 2 3 1 2 1 1 4 2 2 3 2 4 2 3 2 2 2 1 4 1 3 3 3 2 3 4 4 2 3 3 2 2 2 2 4 3 2 2 2 3 1 3 2 4 2 4 1 1 2 1 1 4 3 1 1 3 3 2 1 2 2 1 3 1 3 4 1 1 3 3 1 3 4 3 4 2 2 2 4 1 3 4 1 4 2 1 3 3 1 1 3 2 1 2 2 1 1 1 3 2 1 4 4 1 4 3 1 3 2 1 3 1 2 3 4 3 3 2 2 3 4 4 2 1 1 4 1 2 3 4 2 1 1 4 3 3 3 4 4 1 3 4 2 1 2 4 2 4 3 1 4 2 2 3 2 2 1 4 2 4 2 3 2 3 2 2 4 3 3 1 3 3 4 1 4 4 4 4 3 4 2 4 4 4 3 4 4 3 2 3 1 4 2 3 1 4 2 2 4 1 3 1 4 1 3 1 1 4 1 3 3 4 4 1 3 3 2 4 4 2 3 3 3 4 4 3 2 1 2 2 2 1 4 4 1 1 3 2 2 1 4 4 1 1 2 1 3 4 4 2 2 2 1 2 4 1 4 2 1 4 2 2 1 3 3 2 4 2 1 2 2 2 3 1 1 4 4 1 2 1 1 2 3 2 2 4 1 4 3 2 2 1 3 3 1 3 1 2 1 3 1 2 1 4 2 2 1 3 3 3 2 1 1 2 2 4 1 3 3 2 2 1 3 1 2 3 1 3 4 1 1 2 3 4 2 2 3 4 3 2 4 2 3 3 3 2 3 2 4 2 2 3 2 3 2 1 1 3 4 4 4 1 4 1 1 2 4 4 3 1 2 1 4 4 3 2 2 4 3 1 3 1 2 2 2 2 3 1 1 2 1 2 3 3 1 2 2 1 2 2 2 4 4 4 3 3 2 1 3 2 2 1 4 2 1 3 1 2 2 2 1 2 4 1 1 4 1 2 4 1 3 4 1 2 3 3 4 4 2 4 1 4 3 2 4 3 1 2 3 3 1 2 3 1 2 1 3 3 2 2 2 2 3 1 3 2 4 4 4 3 2 4 4 1 2 2 2 2 3 1 3 1 4 2 3 3 1 1 3 4 4 4 1 1 4 2 1 3 4 1 2 3 3 1 2 2 4 4 3 2 3 2 1 4 1 2 4 4 4 1 1 2 1 3 2 3 3 2 2 2 2 2 1 1 1 3 3 4 4 4 2 4 3 2 4 1 1 3 1 4 4 4 3 2 4 4 1 4 2 3 2 3 2 1 3 2 3 4 2 1 4 1 3 1 3 2 2 3 2 3 3 4 3 3 3 2 2 4 3 2 3 4 1 1 3 4 3 1 2 1 4 1 3 2 4 1 2 1 2 3 2 1 1 1 2 2 4 3 1 3 4 2 3 2 3 4 1 3 2 3 3 2 1 1 2 4 4 4 3 4 1 4 3 4 3 2 1 2 4 2 4 2 4 1 4 4 4 4 4 2 1 4 3 1 2 4 2 2 1 4 4 4 4 4 1 4 1 2 2 4 1 4 2 1 3 2 3 1 2 4 4 1 1 1 2 2 4 4 3 4 1 2 2 3 4 4 2 4 4 2 2 3 4 3 3 1 2 4 4 1 2 3 3 2 1 4 2 1 2 2 1 3 2 1 1 3 1 4 3 4 4 1 1 4 3 4 3 3 3 3 2 3 2 2 2 3 1 2 1 4 2 2 4 1 4 3 2 1 4 1 4 1 4 2 1
53 1 2 3 65 2 4 373 1 386 4 351 192 1 3 2 2 400 4 4 4 3 306 121 2 2 3 325 2 4 153 3 359 2 258 1 2 1 264 2 254 2 326 1 46 36 102 1 2 3 2 3 2 3 2 4 2 1 186 3 251 2 162 2 4 244 1 4 117 203 88 1 394 64 3 4 3 21 4 215 323 346 3 4 177 1 4 1 3 148 1 118 3 3 387 84 354 2 2 99 91 272 2 15 140 2 344 1 4 1 343 2 310 4 9 85 4 2 185 1 3 392 3 83 263 292 1 317 281 67 4 1 4 341 4 238 166 364 283 366 1 3 1 1 143 2 4 1 2 4 1 2 54 1 189 4 2 3 3 224 4 4 3 1 4 1 293 255 3 107 3 279 6 3 340 163 4 62 4 227 4 3 228 2 3 2 4 157 1 1 322 4 191 2 108 2 1 334 103 3 3 363 2 2 2 3 4 184 169 4 1 2 3 4 94 3 229 2 4 3 3 3 208 2 150 333 167 2 285 1 249 4 4 3 1 309 2 295 302 4 237 4 370 4 3 1 1 3 175 4 266 155 2 382 41 1 2 183 256 1 39 1 136 47 27 188 3 4 129 275 2 241 240 214 33 68 3 3 22 220 1 3 2 337 198 13 2 1 152 180 4 2 154 4 355 2 119 4 1 3 2 3 3 1 3 2 3 1 4 3 105 146 289 4 4 3 2 360 2 66 335 24 2 225 4 3 1 2 4 126 3 125 156 2 4 4 3 3 362 161 1 4 2 1 72 2 193 3 4 379 1 3 4 4 320 204 2 124 90 4 145 57 1 3 1 1 2 115 2 303 1 2 2 135 38 2 3 1 17 4 1 1 2 181 367 2 3 4 171 403 2 79 231 300 2 123 2 1 3 2 2 2 4 2 168 116 3 1 299 4 111 260 3 182 247 1 212 391 7 3 4 4 2 3 2 288 4 358 1 245 3 2 2 3 308 210 376 174 3 381 4 349 4 1 4 1 4 4 3 4 239 144 3 3 222 179 282 4 2 290 4 2 173 3 3 96 2 3 329 2 1 371 2 3 1 1 2 357 20 2 56 74 3 164 1 4 369 3 4 296 316 1 3 1 4 4 89 1 3 3 1 2 297 4 361 1 3 1 3 58 3 202 267 1 1 70 29 61 2 3 307 4 397 1 1 1 1 399 3 3 218 205 1 4 137 2 4 207 1 4 4 2 3 3 2 78 35 149 2 2 4 3 4 345 31 2 4 2 127 3 3 3 3 313 1 1 2 120 3 1 4 4 104 3 356 270 2 138 131 390 2 2 265 2 2 77 3 1 4 327 324 4 3 4 2 211 197 81 235 4 172 141 1 4 2 4 2 393 3 2 3 378 1 2 109 3 1 332 195 1 170 219 1 4 328 98 1 3 396 19 1 4 4 342 347 139 3 1 1 2 1 1 32 50 273 2 3 60 246 248 4 1 122 2 318 4 401 257 262 3 101 350 276 2 353 243 28 3 4 3 4 1 377 3 3 134 2 86 375 4 2 1 199 3 4 80 106 4 26 3 1 4 25 4 380 319 278 2 8 1 330 10 4 3 2 4 3 3 2 3 312 1 4 2 261 3 4 151 4 2 1 4 2 4 11 2 59 2 2 3 3 1 3 3 287 304 43 1 315 2 314 1 3 3 2 271 383 2 4 16 196 233 4 3 1 2 4 2 2 2 1 3 3 389 42 1 3 2 176 2 160 1 2 250 253 76 12 1 1 3 110 201 3 277 3 1 95 4 63 336 97 1 206 374 352 2 294 236 30 4 4 338 4 2 4 2 2 3 1 3 44 4 4 4 2 3 2 165 3 40 2 3 4 2 4 2 4 2 1 3 113 259 3 3 213 4 2 2 3 209 1 232 133 178 2 331 55 230 69 2 2 1 128 49 92 2 45 2 2 3 82 321 130 4 3 3 1 194 398 3 2 286 4 5 3 385 4 4 1 404 147 1 1 1 2 226 298 311 216 3 268 3 3 388 3 221 384 142 284 372 4 114 395 2 269 1 2 4 2 100 339 1 2 234 1 3 223 190 2 3 2 2 3 252 2 3 2 217 3 305 18 158 2 3 73 4 3 2 3 71 51 2 187 280 4 34 4 4 200 242 4 14 4 1 52 3 1 1 23 402 2 348 2 2 4 132 1 48 75 2 2 4 1 112 4 365 2 37 159 93 1 4 368 1 301 4 3 274 1 3 3 2 87 2 291 3 2 1 2 1

