1000 1000
1 2 1 4 3 2 4 4 1 1 3 3 3 3 3 4 3 2 1 1 1 2 2 4 2 3 2 3 2 2 4 2 3 2 4 3 4 1 4 4 4 1 3 1 1 1 3 2 1 3 1 1 4 3 3 2 3 4 1 3 4 2 4 1 3 2 2 3 2 3 4 4 1 2 4 3 1 4 4 1 4 2 2 2 1 1 1 2 1 4 3 3 4 4 4 1 2 1 1 3 2 3 2 4 3 1 3 2 1 4 3 1 2 4 2 1 1 1 1 3 1 2 4 1 2 1 3 3 2 4 3 2 3 4 4 2 1 4 4 1 3 4 3 4 1 2 4 4 3 2 2 4 1 2 2 4 4 3 4 1 1 2 2 2 1 2 4 3 1 3 3 3 1 4 4 4 2 3 4 1 2 4 4 3 3 3 1 3 4 3 2 1 1 4 3 4 2 3 2 1 4 2 4 1 1 3 4 2 2 4 4 1 2 2 4 1 3 2 3 2 1 4 1 4 1 4 2 1 4 2 2 4 4 4 4 4 3 2 4 1 3 4 1 4 4 2 4 3 3 3 4 3 3 2 2 3 4 1 4 1 1 1 4 4 2 3 1 4 4 4 3 1 1 2 4 1 1 2 2 3 3 2 2 1 4 3 2 1 3 3 2 2 1 2 4 1 2 3 4 1 3 2 3 4 3 3 4 4 4 4 4 1 2 1 4 4 2 2 2 1 4 2 1 3 2 2 3 4 1 1 4 4 3 4 3 3 1 4 1 3 1 2 3 4 3 1 4 3 1 2 4 1 2 4 1 1 2 3 4 1 2 3 4 3 2 2 4 4 2 4 3 4 2 4 4 4 4 1 2 4 2 2 3 3 4 4 2 4 3 3 4 1 2 1 1 3 3 3 1 1 1 3 1 4 1 1 4 3 2 1 2 1 3 1 2 4 3 1 4 3 1 4 2 3 1 4 1 3 3 4 2 4 4 4 2 1 4 2 1 3 3 2 4 3 4 4 1 4 4 2 2 3 3 1 2 1 3 1 4 4 1 3 2 3 2 2 4 2 1 3 1 1 4 1 2 2 1 2 3 1 2 2 2 1 1 2 4 2 4 1 4 2 2 1 2 4 3 3 2 3 2 1 1 3 3 3 1 4 3 2 3 2 2 3 2 1 1 3 2 2 1 3 4 2 1 1 4 1 4 3 4 1 2 4 4 3 3 2 2 4 1 1 4 4 2 2 4 2 2 3 3 1 3 3 1 2 4 2 2 3 1 2 1 3 1 4 4 4 4 3 3 4 3 1 3 4 4 3 3 4 2 2 1 1 1 4 4 3 1 3 4 1 4 4 2 4 3 2 1 3 3 4 2 1 3 3 3 3 3 2 4 3 1 4 1 1 3 1 1 3 3 2 1 4 3 2 1 2 4 4 3 1 1 2 4 3 4 3 4 2 2 4 3 3 1 3 4 1 4 2 4 3 2 3 4 4 3 3 4 3 2 2 1 1 1 3 2 2 4 3 2 2 2 4 1 3 1 1 3 3 1 4 2 3 3 4 3 2 4 1 1 3 2 3 4 3 1 4 1 1 3 1 4 1 2 3 3 4 2 1 4 3 4 4 2 4 2 2 1 4 2 1 2 2 3 4 1 1 1 2 2 3 3 3 2 4 1 1 3 3 2 4 4 2 3 2 4 1 3 4 3 4 2 1 4 1 1 4 4 4 1 4 2 1 4 1 2 4 4 3 2 1 3 3 1 4 3 1 4 3 3 2 3 2 2 2 4 1 1 1 1 4 2 1 4 3 2 2 3 3 3 2 3 3 3 2 2 2 4 1 2 3 3 3 3 1 1 3 4 2 1 4 1 3 1 4 2 1 1 2 1 4 2 2 3 2 1 2 2 2 4 3 3 1 3 3 4 1 2 2 1 4 4 2 4 4 3 2 4 4 4 2 4 2 2 2 4 3 1 3 2 1 1 2 3 3 2 3 4 4 1 4 1 3 2 1 2 1 4 1 1 2 1 3 1 2 1 3 1 2 3 1 1 1 2 1 2 2 1 2 1 2 2 2 1 1 4 1 3 3 3 1 4 3 1 3 2 3 3 1 1 4 4 1 1 1 2 4 1 4 4 3 4 2 2 4 2 3 2 2 2 3 3 3 1 3 3 1 4 4 1 2 3 4 4 3 3 1 2 2 4 4 1 2 2 3 4 3 2 1 2 2 3 3 2 4 1 4 2 3 3 2 3 4 1 4 4 3 4 1
2 73 2 3 1 3 4 1 1 4 4 3 1 4 4 3 101 1 2 7 4 4 3 1 1 4 4 4 4 3 2 4 2 70 4 4 1 3 3 4 4 3 139 4 3 191 2 3 4 2 4 4 1 1 2 28 1 4 3 2 3 1 4 3 4 4 4 2 72 1 3 65 3 3 4 3 4 4 1 4 2 2 2 3 4 3 4 1 154 4 78 113 3 4 3 1 2 3 4 2 46 3 3 2 3 2 3 2 150 4 1 54 3 68 1 2 2 141 115 204 4 2 1 4 124 2 4 145 3 3 1 2 3 2 110 6 4 3 2 2 1 1 3 2 4 1 2 1 1 1 2 1 1 2 20 1 13 3 1 4 4 3 2 1 1 182 3 1 4 2 1 2 25 1 4 4 4 1 1 2 172 1 3 4 92 4 4 2 4 155 3 2 197 1 2 2 4 1 1 4 4 3 1 1 1 1 1 2 1 3 156 4 52 1 3 1 58 1 2 2 4 193 4 3 4 4 3 14 3 158 3 4 4 1 2 2 3 3 2 3 4 29 3 137 4 3 2 1 4 1 3 3 3 4 2 2 2 3 119 2 2 3 4 2 1 196 63 2 1 1 1 108 3 1 2 4 144 2 4 4 19 2 186 4 3 200 106 1 1 3 4 59 3 1 1 12 8 1 2 1 1 2 2 1 2 4 2 1 4 1 1 2 2 4 4 1 4 1 1 40 1 1 170 3 1 3 3 142 4 66 2 4 3 2 3 2 3 36 2 1 2 1 3 2 1 1 1 2 3 2 3 4 3 2 93 3 133 3 3 3 2 1 1 2 3 3 167 1 3 1 138 4 1 1 4 1 4 2 3 111 2 2 128 153 1 3 27 3 125 1 3 4 3 1 4 61 3 1 4 2 3 4 5 1 18 74 37 2 87 3 4 4 3 2 41 3 2 21 4 1 1 130 4 2 1 1 1 3 4 2 2 2 53 1 3 3 2 3 4 4 4 77 3 2 1 1 1 86 2 4 2 2 4 1 4 2 3 3 4 1 4 1 2 2 24 147 2 2 2 4 175 4 1 1 4 4 129 4 4 120 2 3 4 1 1 4 4 198 185 4 3 3 1 84 3 16 4 3 3 15 122 4 1 3 4 1 4 3 94 2 2 3 4 1 1 3 2 4 2 3 2 1 3 4 4 4 3 2 4 3 3 4 146 2 3 1 166 2 1 171 4 2 1 195 3 1 2 4 4 4 4 2 104 3 83 143 3 3 152 4 2 4 102 140 3 3 1 1 117 2 2 2 4 3 4 2 4 3 2 3 173 4 1 2 183 3 1 4 89 3 114 9 1 55 1 1 1 4 4 3 1 1 2 4 4 43 2 1 60 2 4 2 3 1 177 181 2 2 1 3 1 2 1 34 136 3 4 4 2 3 4 99 178 1 3 3 80 1 3 2 2 3 123 1 4 1 2 81 1 3 105 2 2 2 1 1 4 10 1 4 3 1 2 3 2 4 4 4 2 91 2 1 1 1 189 49 169 4 3 4 3 203 3 1 82 4 3 1 1 4 149 3 3 4 95 2 131 2 1 22 1 1 3 2 4 162 1 1 3 4 2 3 4 98 2 4 1 2 97 1 4 1 2 2 134 2 71 3 2 2 2 194 2 2 126 4 132 165 1 1 3 1 1 3 4 161 3 2 3 4 3 3 1 3 3 1 1 3 1 2 2 2 1 4 4 127 2 79 2 1 112 3 4 3 2 2 1 4 118 4 151 4 107 44 3 1 2 4 1 3 168 4 1 3 39 2 3 180 4 4 160 2 2 67 2 23 3 3 1 3 75 17 176 1 3 4 3 2 4 4 3 1 1 2 3 3 164 1 2 4 4 3 163 4 2 1 1 4 50 3 3 1 2 47 2 3 4 2 1 45 3 85 1 33 2 3 56 2 1 2 4 3 2 1 199 4 2 3 4 100 51 2 1 1 3 3 2 3 2 1 4 2 2 64 159 96 2 202 2 1 42 31 4 184 4 3 3 3 3 2 3 1 4 3 1 2 2 1 157 2 3 4 1 38 4 3 135 3 2 3 30 4 3 192 4 2 4 1 3 2 3 88 3 4 2 4 57 4 1 4 187 62 148 121 116 3 3 2 3 4 76 4 3 179 4 1 2 2 4 4 32 3 1 4 11 3 3 2 1 48 3 3 1 1 4 2 174 2 3 1 69 26 103 1 1 2 1 90 3 188 35 190 4 3 2 1 1 109 201 1
1000 1000
3 3 4 3 3 1 3 2 3 4 3 3 4 4 4 1 2 2 2 2 2 3 4 3 4 3 4 2 1 2 2 1 2 4 2 4 1 2 3 2 1 2 2 2 3 1 2 4 3 4 4 1 1 2 3 2 4 4 2 2 1 4 4 2 2 4 3 2 2 4 2 2 4 4 2 3 2 2 3 1 4 2 2 1 3 4 4 1 4 4 3 2 2 4 1 2 3 4 3 4 4 4 2 4 4 2 2 1 4 1 3 4 2 4 4 1 4 1 2 4 2 2 3 2 3 3 3 1 2 1 3 1 4 2 2 3 3 2 4 3 4 4 1 4 3 2 4 4 3 3 2 3 4 4 2 3 2 1 2 2 3 4 4 3 2 3 4 4 2 3 1 1 4 2 1 4 3 2 4 1 1 2 2 2 4 3 2 4 2 1 3 3 1 3 1 3 1 2 4 4 2 1 4 3 4 2 4 1 2 1 2 1 4 2 3 3 2 1 3 4 3 4 4 3 2 1 2 3 2 3 4 3 3 2 4 1 4 3 4 3 1 3 2 3 3 4 3 1 1 3 4 4 4 2 1 3 1 1 3 1 3 3 2 2 2 2 4 4 3 3 2 3 1 3 2 3 4 3 2 4 1 4 1 1 1 2 1 2 3 4 3 2 4 3 4 2 4 3 4 4 3 2 4 2 2 4 2 1 3 3 2 3 2 2 1 1 4 3 3 1 3 4 4 1 4 3 2 4 3 4 3 1 1 1 1 1 4 3 3 1 1 3 1 2 1 2 4 3 4 1 4 1 3 1 1 3 2 2 3 3 1 2 4 4 4 2 2 1 2 4 4 1 2 2 3 1 2 3 3 1 1 4 1 2 4 2 4 2 4 2 1 3 3 2 4 3 1 1 2 3 2 2 4 4 4 2 1 4 4 3 4 4 3 1 1 3 1 1 1 4 1 2 2 3 2 3 3 3 4 3 2 1 4 4 4 2 4 4 1 3 3 1 3 1 4 3 1 3 1 2 1 1 1 2 2 3 2 2 1 2 4 2 3 4 2 1 1 1 4 4 4 4 3 4 1 4 3 4 1 3 1 3 1 1 3 3 3 1 2 4 3 4 2 4 2 1 2 2 3 4 4 4 3 2 2 2 1 2 1 2 3 1 4 4 4 1 1 3 3 3 4 2 2 1 4 4 4 4 1 1 2 2 3 1 1 1 3 3 4 2 2 4 2 4 1 4 2 4 4 1 2 2 1 3 4 3 4 1 4 2 1 4 1 4 2 4 3 3 3 3 1 1 1 1 2 4 1 1 2 4 2 3 2 1 4 3 3 1 4 2 1 3 3 3 1 3 4 1 1 2 1 2 2 3 1 3 1 2 3 2 4 3 2 3 1 1 4 3 1 4 4 2 1 1 1 3 2 4 2 4 4 4 1 1 2 1 2 1 3 1 2 3 2 4 4 3 1 1 1 1 1 4 1 1 2 2 1 1 3 1 4 4 4 1 2 2 4 3 2 2 3 2 4 2 1 1 2 2 3 3 2 4 3 4 3 2 2 2 2 3 2 2 1 3 4 1 1 3 2 4 1 3 2 4 2 3 4 4 2 3 2 2 3 1 4 4 3 2 1 3 4 3 4 3 3 3 2 1 4 4 1 2 1 2 2 1 1 1 4 2 3 4 2 3 2 2 1 1 1 4 1 2 4 1 1 1 1 2 4 1 4 1 3 1 3 3 1 4 4 1 1 3 4 4 2 4 1 3 4 2 1 3 3 3 1 1 4 4 3 1 2 1 4 4 1 2 4 3 3 2 4 1 3 2 4 1 1 3 2 3 1 1 1 4 2 2 2 2 4 3 3 4 1 3 2 3 2 3 3 1 3 4 2 2 1 3 1 1 2 2 3 4 1 2 4 3 3 4 3 1 4 2 1 3 2 1 2 1 1 4 4 1 3 4 3 1 1 3 3 2 4 4 3 3 2 2 4 1 1 2 1 2 4 2 3 4 2 1 4 4 4 4 3 3 2 3 3 3 2 4 4 2 4 1 4 2 2 4 1 2 2 3 4 3 4 1 2 3 1 2 4 1 4 2 4 4 1 3 2 1 2 1 3 4 3 2 4 2 4 4 4 2 3 3 1 2 2 4 1 3 3 1 1 4 4 2 2 2 4 4 1 3 1 1 2 2 3 3 2 1 3 4 1 3 3 3 3 2 3 3 3 4 3 3 2 2 4 1 1 1 4 4 2 1 1 2 3 4 4 3
4 4 2 3 3 2 3 2 2 3 3 184 4 3 3 1 188 134 204 156 2 3 1 1 4 50 1 4 4 1 1 2 178 3 4 62 2 4 174 66 2 2 1 195 3 2 3 92 4 1 1 155 38 1 1 151 1 1 3 79 162 2 21 1 4 2 2 1 1 4 1 3 4 4 1 1 3 1 1 2 4 157 1 4 3 3 3 3 57 3 4 2 2 161 1 183 109 1 1 3 1 4 1 4 3 1 2 96 31 74 4 144 1 3 2 2 110 24 3 72 3 3 4 3 35 4 3 43 1 2 1 2 2 3 4 4 4 4 1 3 2 4 3 3 3 4 158 3 2 1 3 136 1 2 1 4 2 2 81 2 4 1 112 4 4 4 160 3 104 1 2 1 3 4 1 2 4 1 4 3 2 126 4 4 4 4 199 2 4 4 3 4 45 4 2 4 3 4 2 46 17 2 3 1 1 1 4 2 4 2 3 11 4 2 1 4 87 1 1 1 4 3 26 2 3 2 2 1 60 106 1 1 4 4 2 3 1 3 4 4 1 1 1 2 3 190 2 4 3 1 4 1 2 3 3 2 3 1 130 4 1 2 3 1 3 116 3 1 2 132 1 4 1 3 2 3 3 3 1 1 2 3 2 2 13 2 2 48 3 1 3 1 1 2 1 2 4 2 4 171 1 2 1 143 76 4 4 201 1 4 3 4 141 100 2 2 2 2 3 103 67 146 1 80 4 3 1 4 4 2 4 3 1 3 2 3 1 2 4 119 3 2 2 2 1 186 1 3 2 1 2 1 2 166 147 84 125 203 1 2 3 1 2 4 138 1 4 4 4 3 1 2 4 4 2 4 4 3 2 3 27 1 1 1 4 77 1 3 1 2 2 196 2 4 3 3 2 1 2 3 4 2 18 25 123 1 2 1 2 3 3 4 1 164 2 1 122 4 3 3 19 2 3 3 2 4 2 1 2 91 1 1 1 3 2 2 1 4 4 41 2 194 2 3 2 3 3 58 4 1 3 3 1 175 2 3 32 4 2 1 4 149 2 1 1 1 3 2 3 198 4 22 4 2 4 99 1 2 4 1 4 1 4 4 4 3 51 2 3 3 4 131 4 1 2 1 2 2 4 3 3 39 88 2 142 2 4 61 4 3 3 2 4 3 1 2 4 3 1 4 117 1 185 15 1 2 150 1 2 108 4 3 4 3 1 3 1 34 3 3 4 30 3 1 1 1 2 3 4 4 1 1 1 2 1 3 4 1 2 2 2 3 3 10 95 7 4 3 12 2 2 4 3 1 3 2 2 1 23 2 71 177 3 2 9 153 4 3 167 82 191 4 118 2 3 1 3 4 4 3 3 1 1 4 1 3 3 1 28 3 114 2 4 200 2 93 2 2 4 3 1 165 83 4 1 3 2 1 1 3 64 2 2 86 3 3 2 4 78 3 4 1 4 2 4 3 1 4 68 4 1 3 1 16 2 1 3 3 4 4 133 2 187 3 4 2 2 2 3 4 4 37 181 4 4 2 75 2 2 4 4 3 3 40 4 3 3 4 4 4 3 3 1 1 3 4 2 4 135 3 3 4 2 1 4 111 4 3 4 1 4 2 3 4 2 44 3 4 2 3 2 2 1 1 128 193 55 169 102 2 2 3 3 1 1 6 5 2 4 70 4 4 2 1 3 4 85 4 1 1 3 1 1 1 3 2 1 63 2 159 179 2 3 2 4 168 1 4 4 4 2 2 4 2 124 1 2 4 4 2 1 2 1 4 4 2 137 3 2 3 3 3 145 1 4 1 1 4 2 1 2 2 4 115 1 1 2 4 4 2 4 4 2 4 3 20 140 4 4 89 4 4 3 2 56 4 2 1 4 2 2 2 4 3 148 94 163 202 139 4 173 59 107 1 2 14 3 2 3 8 4 192 2 154 1 2 4 3 2 4 65 2 101 127 4 49 4 2 113 2 1 33 1 3 197 4 2 3 170 4 2 3 105 2 2 54 4 90 1 1 42 2 3 1 3 3 4 121 3 3 1 4 1 1 1 3 3 2 180 1 3 182 4 3 98 3 53 47 2 3 4 29 1 4 2 2 1 4 97 1 4 3 2 3 3 2 2 1 4 4 4 69 2 3 3 1 1 2 3 4 52 73 2 4 4 4 1 120 129 189 4 1 3 152 1 4 4 3 3 2 3 4 1 1 3 3 1 4 4 176 4 4 2 2 2 2 172 4 3 4 2 1 2 3 1 4 4 4 3 36
1000 1000
4 2 2 2 4 2 2 3 1 4 4 3 2 3 3 4 1 1 4 3 3 3 1 3 4 3 1 4 4 2 4 4 4 4 1 3 4 2 2 4 4 4 1 1 1 3 4 2 1 4 3 4 4 4 2 1 4 1 2 3 2 1 2 3 2 4 3 4 3 1 3 3 3 1 2 2 3 4 2 4 2 2 4 3 1 4 3 4 1 3 2 4 2 1 3 3 2 3 1 3 3 1 4 2 3 1 2 4 3 4 3 2 4 3 3 3 3 1 4 1 1 1 1 4 2 4 4 1 1 1 2 3 4 4 2 4 3 2 2 2 1 2 4 1 1 2 1 1 3 1 3 2 3 3 4 2 4 2 3 3 4 1 1 2 1 2 2 4 2 3 3 4 3 4 4 2 2 4 2 3 2 4 4 1 3 3 4 2 2 2 2 3 1 3 1 3 4 2 4 4 2 2 2 3 4 3 4 2 2 1 1 4 3 1 3 3 3 1 1 1 4 2 4 3 4 3 3 1 3 3 1 1 1 4 2 2 1 3 4 1 1 2 1 3 3 3 4 4 1 1 2 3 1 1 2 1 3 4 2 3 3 2 4 1 1 3 3 1 4 2 2 2 3 1 2 4 3 2 2 2 1 4 1 2 4 4 2 3 3 1 1 2 2 1 2 3 1 4 4 2 1 1 3 4 4 1 4 1 4 4 3 4 4 1 2 2 4 4 2 2 2 4 4 4 4 4 3 3 2 4 2 2 3 1 1 3 1 4 2 1 1 1 1 4 1 3 3 4 2 4 1 2 4 3 1 3 2 4 2 1 3 2 1 3 2 3 3 1 2 3 4 3 3 1 3 1 1 1 2 3 1 1 4 3 4 1 3 1 1 4 3 3 2 1 1 1 4 1 4 4 2 3 1 3 4 4 1 1 4 2 1 1 2 1 1 2 2 2 1 2 2 4 3 4 4 4 1 2 3 3 1 4 1 3 3 4 3 3 3 1 3 1 2 3 2 3 2 2 2 2 4 4 2 2 3 1 1 2 3 4 1 2 1 3 1 4 4 3 4 1 1 2 4 4 4 2 1 4 4 2 1 2 4 3 4 1 4 2 4 4 3 1 2 3 2 1 2 1 1 2 3 4 4 1 4 2 2 1 4 2 2 3 1 4 2 3 3 3 1 2 1 4 4 3 1 3 4 1 2 3 2 3 2 2 2 1 1 2 4 4 2 2 3 3 2 4 2 2 1 4 1 2 2 4 2 3 3 1 2 3 1 4 2 1 4 2 2 1 2 1 2 2 4 3 4 2 3 4 3 4 2 2 4 4 2 2 3 3 2 4 1 1 3 3 3 4 3 4 1 1 4 2 2 3 3 4 4 3 3 4 3 3 1 4 1 1 3 2 2 1 2 4 1 2 4 3 4 2 2 4 4 2 2 3 1 3 4 1 3 3 4 1 2 2 4 1 3 3 3 3 1 4 3 1 4 1 3 1 2 3 1 3 4 1 3 2 4 4 1 3 3 4 2 2 3 4 4 2 1 3 1 3 2 4 2 2 2 2 1 1 3 4 2 2 1 4 4 2 1 3 2 3 3 4 1 4 3 4 2 1 4 4 3 3 3 4 2 2 3 1 2 3 3 1 1 1 2 1 2 2 2 1 4 3 2 4 3 1 3 2 3 1 1 2 3 2 2 2 2 4 2 3 4 1 1 3 3 4 2 4 3 1 1 2 3 3 3 3 1 3 2 1 3 4 2 4 1 3 3 2 1 3 3 1 1 1 4 1 3 1 3 2 3 3 4 3 4 3 4 3 4 1 2 2 1 1 4 1 1 3 4 2 2 1 4 4 4 2 2 4 1 3 2 4 1 1 4 4 1 1 1 4 1 4 2 3 1 3 3 4 2 4 3 2 3 2 2 4 2 1 3 4 2 2 4 1 3 4 4 4 4 1 2 2 2 1 2 2 1 4 1 3 1 2 1 2 1 4 1 4 3 3 2 3 2 2 2 3 3 2 4 3 2 4 1 1 4 4 3 4 2 2 4 2 1 1 2 2 2 3 3 1 3 2 2 1 1 1 3 2 1 4 3 3 2 2 3 4 2 4 2 2 4 2 1 4 3 4 2 2 4 1 2 2 3 1 4 4 4 4 1 3 1 2 3 4 2 3 2 4 4 4 1 1 3 2 4 1 4 3 1 2 4 2 3 2 1 1 2 3 4 1 2 1 3 3 3 1 2 1 1 4 3 4 1 3 1 1 2 4
1 3 1 4 2 1 2 2 1 2 18 171 4 4 4 1 192 2 3 2 160 3 4 1 4 143 2 1 90 3 1 4 4 4 3 2 1 194 2 4 1 3 203 1 4 181 3 2 1 2 2 1 2 3 84 73 1 4 4 2 2 3 3 1 89 101 4 117 1 1 4 3 1 2 4 1 1 4 1 94 1 22 2 186 4 3 2 151 2 5 1 2 4 4 1 3 1 1 49 2 4 1 3 141 50 3 1 4 1 2 4 3 53 1 39 138 2 4 4 2 3 2 3 3 2 4 4 2 2 1 2 3 62 4 4 2 4 97 3 173 91 4 3 3 2 4 4 1 2 40 3 2 2 4 3 3 3 154 4 4 67 103 3 1 2 3 4 4 198 1 1 4 2 3 2 2 124 2 2 1 2 2 2 4 1 111 1 2 4 1 3 4 107 57 2 150 1 3 96 2 1 168 1 2 175 4 95 24 1 1 2 2 1 4 4 3 3 3 2 56 7 2 88 42 1 93 2 4 36 1 126 3 4 51 1 2 3 3 2 2 4 4 1 127 1 3 3 3 1 3 2 2 2 1 1 2 4 32 2 3 2 43 2 3 2 1 4 3 2 1 4 3 3 3 1 3 3 2 4 2 2 172 3 113 3 1 182 4 1 1 139 134 2 4 2 2 1 2 3 3 1 2 123 116 2 119 2 3 4 2 2 3 183 1 83 1 4 13 1 3 1 184 1 1 1 3 3 4 4 2 1 161 118 1 4 1 4 114 4 120 30 2 2 23 2 4 4 4 146 4 4 1 3 2 2 2 3 1 2 2 3 4 1 3 4 3 2 2 2 2 115 2 2 104 4 3 121 3 47 2 201 4 4 132 4 162 1 54 1 4 1 52 1 3 4 4 2 2 3 169 1 4 3 2 4 3 63 4 2 3 3 3 3 4 140 125 2 2 166 2 4 156 4 4 4 4 105 2 204 3 2 3 2 3 3 3 163 19 1 1 3 3 1 1 3 4 4 3 1 4 81 3 1 4 100 2 1 34 1 1 4 2 1 3 3 4 4 3 3 4 4 3 1 1 4 108 144 3 1 1 46 4 4 1 2 4 1 106 3 41 64 3 1 79 131 4 33 4 3 2 3 193 1 148 86 4 21 3 45 1 4 2 1 152 4 2 2 3 2 1 2 2 2 4 66 4 1 4 65 4 2 157 2 85 4 3 4 2 2 3 4 2 4 4 3 109 92 130 3 1 195 3 3 136 199 1 3 4 6 4 4 2 78 2 4 2 3 2 3 4 1 35 99 3 1 4 4 137 3 177 1 149 3 2 1 2 1 2 2 4 1 1 1 1 2 3 3 4 2 2 80 3 2 4 2 4 196 3 4 2 3 1 59 3 4 3 2 3 3 4 2 3 74 1 3 2 128 2 4 2 2 3 4 4 4 1 1 2 3 2 2 2 4 3 3 25 2 9 2 158 202 2 2 12 3 3 60 147 2 1 2 2 1 1 1 3 2 4 2 1 4 2 2 178 1 2 4 4 4 3 133 68 1 2 2 10 4 3 2 179 197 2 1 2 1 15 2 3 1 4 2 61 2 4 4 1 1 1 180 1 1 3 69 3 1 82 3 1 1 3 3 4 72 4 4 1 1 4 2 4 3 87 3 1 1 2 4 4 3 167 2 48 4 4 2 4 3 170 2 3 4 3 3 71 165 2 1 3 1 38 1 2 3 3 2 189 1 2 188 8 102 3 3 4 3 1 3 142 3 4 185 2 3 129 3 4 27 200 1 1 4 4 3 2 2 4 176 1 1 3 3 4 2 2 1 4 1 3 2 1 1 3 4 1 2 4 1 1 17 1 2 2 1 20 3 98 1 2 2 110 4 2 11 3 3 58 174 4 4 29 1 3 1 3 2 3 4 2 4 3 2 190 26 4 4 4 4 4 2 4 4 2 135 4 4 1 4 2 122 1 1 1 1 2 1 2 4 4 3 3 4 3 1 37 1 2 1 4 44 4 1 1 1 4 4 4 1 2 3 1 4 4 2 2 1 2 2 4 2 2 1 3 4 4 3 14 1 2 1 77 2 1 4 191 4 3 4 28 187 1 3 1 2 2 3 1 4 4 145 2 3 3 155 2 3 2 4 3 76 1 164 1 4 55 3 4 2 2 2 4 4 3 3 70 153 2 2 4 4 2 1 2 75 1 4 2 4 4 1 1 4 4 2 112 3 3 1 16 2 31 2 1 159 4 3 2 3 3 2 4
1000 1000
2 3 1 4 4 4 2 3 4 1 1 3 4 4 1 4 4 3 1 1 2 2 1 1 2 3 1 2 2 4 3 3 3 4 2 1 4 1 4 4 3 2 1 4 2 2 2 1 1 2 1 2 4 3 3 3 4 1 2 1 1 1 2 3 4 3 1 4 1 3 4 2 3 3 3 2 3 4 4 3 2 3 4 2 3 4 3 2 3 1 1 3 2 2 4 1 3 1 1 4 4 2 4 4 3 3 2 2 3 1 1 1 4 3 2 1 2 2 2 3 2 3 4 3 3 2 4 2 3 4 1 3 3 2 3 4 2 4 1 1 4 4 1 2 1 1 2 2 2 1 3 2 3 4 3 4 3 3 3 1 2 4 4 4 3 3 1 1 4 2 2 4 3 4 2 1 2 3 1 3 3 2 4 3 4 2 3 3 3 1 4 1 4 1 3 1 4 3 3 1 1 1 2 1 3 2 3 4 4 1 4 1 4 2 4 3 3 1 4 4 1 2 4 2 3 4 4 2 4 2 4 1 2 2 4 2 3 2 4 2 3 2 1 1 2 3 4 2 3 4 4 2 3 1 1 2 3 3 2 1 3 3 2 4 2 4 2 3 3 2 4 3 2 1 4 4 1 3 3 3 4 2 3 3 4 4 2 3 2 3 2 3 3 3 3 2 4 2 4 2 3 3 2 4 1 4 3 3 2 1 3 1 3 2 4 4 1 1 2 3 3 1 2 4 2 2 3 4 3 1 3 3 4 1 3 1 1 4 2 1 4 4 1 2 2 1 1 1 2 4 1 1 3 2 2 2 4 1 3 3 2 2 1 3 2 3 2 2 3 2 1 3 2 3 3 2 2 2 2 4 2 1 1 4 2 1 4 2 1 4 4 4 4 4 4 4 1 1 3 2 4 4 1 2 2 2 1 4 1 1 2 3 1 4 3 2 3 4 3 3 4 4 4 1 2 1 3 2 3 2 2 3 4 2 2 3 3 2 2 2 4 1 4 3 3 3 1 3 1 3 4 4 4 4 1 3 1 4 3 2 1 1 4 3 4 4 2 3 2 4 4 4 3 1 2 3 3 3 1 3 1 1 3 1 1 1 3 2 3 2 3 4 2 3 4 2 1 1 1 2 1 3 3 3 3 1 1 4 2 1 1 2 3 1 4 4 4 3 3 4 1 1 3 4 2 1 2 1 3 2 4 1 1 4 1 1 3 1 2 3 1 1 4 1 4 2 1 2 3 1 2 3 3 2 1 3 1 1 3 3 1 3 2 3 1 2 4 1 1 3 3 3 1 2 1 3 4 3 3 4 1 2 2 3 3 1 1 2 2 4 1 4 3 2 3 2 3 4 2 1 1 2 2 3 2 3 4 1 4 3 2 1 3 1 2 1 3 3 3 2 1 1 4 4 1 2 4 1 1 1 3 3 1 1 3 2 3 3 1 2 1 2 4 1 2 3 2 4 4 4 1 2 4 3 1 1 3 4 1 2 2 4 1 3 3 2 3 2 1 4 1 3 4 3 4 1 4 2 2 4 1 1 3 1 3 3 1 4 2 3 4 2 4 3 1 4 3 4 2 3 1 2 3 2 2 3 4 1 1 4 1 1 3 3 2 1 4 3 1 2 1 2 2 4 3 1 1 2 4 4 3 3 3 1 3 3 4 2 3 3 2 2 1 2 2 4 2 3 2 3 1 3 4 4 1 4 3 1 4 1 1 3 4 1 1 2 1 2 3 1 3 4 1 2 2 3 3 1 4 1 2 2 3 4 2 2 1 2 4 3 2 4 4 3 3 1 3 3 3 2 1 3 2 4 3 1 2 3 3 2 1 2 3 4 4 1 1 4 3 1 3 3 4 1 3 1 4 1 2 1 4 4 3 1 4 4 2 4 1 4 1 3 2 1 4 1 3 3 4 3 3 1 2 3 1 4 2 1 1 3 3 3 2 4 1 2 2 1 3 4 2 4 4 3 3 3 3 1 3 2 1 3 3 2 2 1 4 3 1 2 4 2 3 3 4 4 1 3 2 4 4 4 1 4 4 1 1 1 4 1 2 3 4 3 2 4 4 2 3 3 4 4 4 1 1 2 1 4 4 3 4 4 4 3 4 2 3 1 3 4 1 3 3 3 3 4 3 3 1 2 2 1 1 4 2 1 2 1 3 3 4 2 3 3 2 2 2 4 4 2 2 2 4 2 1 2 4 1 1 3 2 4 4 2 2 3 1 2 4 3 1 3 1 3 1 4 4 3 2 4
2 1 4 1 4 2 2 3 4 108 1 4 3 3 4 173 2 1 3 3 1 2 2 4 72 2 4 2 15 65 2 4 116 2 1 3 3 2 3 142 3 2 184 126 2 1 70 62 147 2 3 1 3 1 124 75 77 2 2 1 3 3 2 1 2 3 1 4 3 4 157 2 201 12 2 3 4 3 3 128 50 4 2 4 4 47 3 3 1 1 2 3 1 1 95 2 34 54 51 4 132 1 1 38 3 1 2 153 2 17 44 2 4 1 1 4 1 3 1 3 3 2 4 4 2 1 4 3 4 1 3 1 4 2 3 3 4 1 1 4 180 3 3 4 199 2 3 63 7 2 2 60 25 4 3 171 46 67 4 4 1 4 160 2 3 2 3 4 4 2 1 133 4 3 2 1 4 4 3 3 3 3 4 1 103 3 117 2 1 4 1 2 1 4 150 1 3 158 4 3 1 2 4 3 1 3 4 4 4 4 2 2 162 3 2 1 4 3 159 3 3 4 3 4 88 2 3 1 1 182 4 3 1 1 2 3 4 3 2 3 3 119 4 111 1 3 3 167 3 79 84 198 4 3 4 74 3 104 2 2 4 3 39 2 1 98 3 1 3 4 1 3 3 4 2 1 4 3 2 2 192 3 1 4 3 3 3 4 3 2 1 1 4 4 1 1 3 1 4 3 2 55 82 1 2 113 1 3 3 1 114 31 4 1 2 2 49 2 3 1 2 2 53 4 4 3 3 3 1 87 164 185 3 4 3 4 3 1 202 1 204 134 144 4 2 4 4 4 3 2 154 2 3 136 3 4 1 1 3 22 4 32 193 4 4 4 3 2 4 3 3 4 1 4 4 3 1 4 4 130 91 194 3 2 188 203 2 56 4 4 4 3 1 1 4 3 1 26 9 2 4 52 1 3 3 43 3 3 3 2 1 4 2 165 190 2 109 68 2 2 3 3 1 101 1 1 161 149 4 3 3 1 1 57 4 2 4 2 3 33 66 2 1 1 4 3 2 191 85 1 4 131 1 3 2 2 1 92 1 197 2 4 196 3 1 4 4 4 2 4 1 11 3 2 179 4 3 19 3 76 4 3 4 4 1 3 2 1 2 3 4 4 2 14 4 2 4 3 2 125 106 64 4 2 89 3 3 1 2 99 1 2 2 120 4 2 1 2 4 3 1 4 8 3 1 2 4 1 1 2 1 1 37 137 3 3 121 96 3 4 169 1 4 1 129 41 3 2 155 3 1 1 4 3 3 2 175 2 3 1 4 1 3 3 2 2 1 2 2 4 4 1 1 3 2 100 6 2 2 4 1 2 143 2 2 3 3 2 4 4 183 1 28 2 59 4 4 4 4 4 4 4 2 2 1 4 1 1 2 2 2 78 3 4 3 4 1 1 1 4 3 2 3 4 4 2 115 2 189 3 3 3 122 2 3 1 148 1 172 1 3 187 2 16 20 23 3 1 2 3 1 90 1 1 138 4 4 2 35 2 1 5 107 2 3 1 1 3 1 1 4 3 2 1 3 4 3 69 1 4 2 4 42 4 195 3 2 73 1 3 1 1 1 3 1 1 1 1 181 2 4 1 2 4 4 3 1 1 2 45 4 4 1 3 24 1 1 1 4 1 200 4 1 3 4 2 4 3 2 3 2 4 4 71 2 3 93 21 1 1 141 4 4 178 4 3 1 1 1 4 146 102 2 4 2 4 40 3 4 4 2 80 3 2 3 3 1 177 3 186 3 3 1 3 3 3 1 174 4 4 86 1 97 3 4 2 10 168 61 2 4 2 4 4 170 3 2 3 3 4 2 1 27 3 163 2 1 2 30 4 156 3 3 36 1 2 4 1 1 1 4 2 1 3 3 3 3 1 4 1 2 3 3 81 3 83 4 3 4 3 1 2 2 3 1 3 3 1 3 1 2 3 1 2 3 58 2 1 139 1 2 4 1 1 2 2 48 3 2 3 2 2 1 4 1 3 2 2 4 4 110 4 2 1 1 3 29 2 1 1 2 3 1 2 1 2 1 2 94 4 1 4 3 3 3 3 4 2 3 127 18 2 13 2 3 1 3 112 1 3 123 4 2 3 3 3 2 2 3 2 3 2 1 2 4 2 2 1 3 166 2 4 2 145 1 4 2 4 3 3 1 2 4 2 1 4 152 4 2 4 2 1 1 140 2 2 3 2 118 4 3 4 1 176 3 135 151 3 1 1 3 4 1 1 105 3 2 4 4 4 4 3 2 4 1 1 3 4 2 4
1000 1000
1 1 2 4 2 3 4 2 1 2 1 1 2 2 2 3 1 4 3 4 3 4 1 3 2 3 2 3 1 4 2 4 1 1 1 1 2 1 4 2 4 3 2 1 2 3 3 3 4 3 4 4 4 1 1 2 3 1 3 2 4 2 3 4 2 2 1 3 3 2 3 3 3 2 3 4 3 1 3 2 3 3 1 2 3 1 1 3 3 1 1 3 3 4 2 1 2 4 3 2 2 3 4 2 2 3 2 2 3 3 1 3 2 3 4 2 3 4 2 4 2 3 2 2 4 3 4 1 4 2 2 4 4 4 4 1 1 1 1 3 2 4 1 1 3 4 1 2 4 4 3 4 4 3 4 3 4 4 3 1 2 1 1 1 4 1 3 1 2 3 1 1 1 3 4 1 4 1 4 3 4 3 3 1 3 1 2 4 1 2 1 3 4 3 3 2 3 2 4 1 2 3 3 3 2 2 2 3 4 3 2 4 3 1 4 3 3 3 4 4 1 4 1 1 4 2 1 3 3 1 1 4 3 1 3 1 3 2 1 4 2 2 4 2 2 4 3 1 3 3 2 3 3 4 1 4 3 1 3 1 3 4 2 2 2 4 1 1 3 2 3 3 2 1 3 3 4 3 2 2 3 2 2 1 3 2 1 4 4 3 3 2 4 4 3 2 1 1 2 1 4 3 2 4 3 2 1 1 4 4 2 2 1 2 2 3 3 3 3 2 3 4 1 1 1 1 2 3 1 4 1 1 1 3 3 1 1 4 4 1 1 1 1 1 3 1 4 2 1 2 2 1 4 2 1 2 1 1 3 3 2 4 1 2 4 1 3 3 4 1 3 1 3 4 2 2 2 2 3 1 2 1 1 2 4 1 1 2 2 3 4 4 1 2 4 1 3 3 1 1 1 4 1 4 3 2 3 1 3 3 4 2 1 3 4 2 4 2 3 2 3 1 1 1 3 3 3 1 2 1 2 3 3 1 3 4 1 4 1 4 2 1 3 4 3 2 4 3 2 2 1 2 4 4 4 3 2 4 4 2 4 1 1 4 2 1 1 3 4 2 3 2 2 3 3 2 3 3 4 4 3 2 2 4 3 3 2 2 2 1 1 1 3 3 4 1 4 2 1 1 3 3 1 4 4 3 3 4 1 3 1 1 1 1 2 4 2 4 3 3 4 4 4 3 2 3 1 2 1 2 1 3 4 4 2 1 1 2 4 3 2 2 3 1 2 4 2 4 1 1 2 3 4 3 3 3 3 4 4 1 1 3 2 3 1 4 1 2 3 4 3 4 4 1 4 4 1 1 3 2 4 1 2 1 2 1 2 4 3 2 4 4 4 4 4 2 4 4 3 4 1 1 4 4 1 3 3 1 4 3 1 3 2 1 2 4 4 1 3 4 3 1 3 4 4 1 3 1 4 3 3 3 2 3 3 2 3 3 2 4 1 2 3 2 1 1 3 4 3 3 4 4 4 2 1 4 1 3 1 1 4 3 3 2 2 1 3 4 1 2 2 2 3 3 1 2 2 4 1 2 1 1 2 1 3 4 3 4 4 1 1 4 4 2 4 2 1 4 1 4 4 3 3 1 1 3 1 3 4 3 1 4 2 1 4 2 1 2 4 3 3 1 3 3 1 4 1 4 4 1 3 3 3 3 3 4 4 2 1 2 2 2 1 1 2 1 3 4 4 2 4 3 2 3 3 4 1 1 2 2 4 4 1 2 1 2 3 4 2 1 1 4 4 1 3 1 4 2 3 2 3 2 4 3 2 2 1 4 3 3 3 4 3 3 1 4 3 3 4 1 2 4 4 3 1 1 2 4 1 1 3 2 4 2 4 2 3 1 3 3 1 3 4 1 4 2 1 1 1 4 3 4 1 1 1 2 2 1 4 3 2 4 3 2 1 4 1 2 3 1 1 4 1 3 1 3 3 1 1 1 4 1 1 3 4 4 4 2 1 2 4 4 4 3 3 1 4 4 4 2 3 3 4 4 4 3 2 3 2 3 3 2 4 3 2 2 1 4 1 3 2 2 1 1 3 1 4 2 1 2 3 2 4 4 2 2 4 1 1 2 4 1 4 1 3 1 3 4 1 1 2 3 2 1 2 3 1 4 1 1 3 1 3 4 3 1 4 4 1 3 1 4 1 4 2 3 1 3 2 3 4 3 1 4 3 3 2 4 4 3 1 4 3 2 2 4 1 1 4 1 2 1 1 3 2 1 2 2 2 2 3 1 2 3 2 3 4 1 2 2
1 1 116 1 4 3 2 1 1 3 3 1 1 1 2 2 188 3 153 1 2 13 3 1 93 4 3 2 3 3 62 4 11 3 1 4 2 2 2 1 4 192 3 3 104 2 2 3 3 3 2 2 160 1 4 3 1 22 1 34 1 3 4 3 2 2 3 3 1 74 113 3 1 157 20 4 4 1 3 4 3 2 4 1 3 3 4 78 1 39 1 4 2 3 4 2 3 4 2 4 2 3 4 3 6 4 3 2 4 2 136 3 3 4 1 3 3 142 4 3 3 196 114 202 1 99 2 152 1 2 4 2 4 4 4 200 3 110 1 4 1 2 166 79 2 16 1 1 4 4 2 2 2 1 2 4 1 112 2 61 3 125 135 4 108 3 2 15 158 1 2 1 2 2 2 4 1 77 4 3 1 2 4 3 3 1 3 1 28 3 3 1 84 75 38 4 2 3 2 4 151 197 3 1 3 1 2 2 1 2 4 4 4 3 2 2 90 4 4 4 4 2 3 2 1 18 4 3 4 1 174 3 2 4 2 3 59 4 21 3 1 95 3 4 3 3 1 1 3 2 3 2 4 92 1 51 3 4 72 1 71 4 3 2 2 2 1 2 4 1 119 1 4 3 1 23 3 2 3 3 2 26 4 2 96 3 4 1 14 4 2 2 31 1 109 4 4 81 2 1 181 3 1 1 3 3 2 1 4 2 3 1 3 1 3 1 3 1 1 1 3 3 1 143 159 1 4 2 100 1 2 2 3 1 1 2 3 4 187 3 3 2 2 1 118 2 4 1 4 1 1 1 3 1 1 101 88 2 46 1 150 2 49 134 3 4 1 2 3 1 3 2 1 3 1 164 48 3 4 139 2 4 3 1 3 1 3 2 2 64 1 89 1 4 3 4 156 3 1 1 33 3 80 138 176 2 1 2 2 4 121 117 3 1 3 2 177 1 3 3 3 1 175 3 3 3 4 1 111 4 2 4 120 2 1 1 3 2 4 4 2 1 3 1 4 1 1 4 4 4 133 124 1 4 3 2 1 1 1 4 1 4 2 4 171 3 182 3 2 2 1 2 2 4 4 191 190 1 1 32 3 1 4 2 4 3 1 3 4 3 1 4 4 25 91 4 102 103 3 4 1 1 2 2 3 3 3 4 3 4 4 4 3 3 1 1 1 1 9 3 1 2 3 82 3 47 140 1 1 3 2 3 3 2 27 2 184 53 147 3 3 3 4 2 4 4 4 43 1 57 8 4 2 161 1 105 3 2 1 2 7 4 3 186 2 2 3 179 2 2 1 3 195 4 70 149 131 2 40 1 1 1 4 4 4 2 4 1 1 128 4 4 3 60 3 4 45 1 4 1 1 154 148 2 4 4 1 4 3 1 2 3 168 4 1 2 2 1 87 4 2 4 1 2 129 3 1 4 1 1 1 3 1 126 4 204 115 2 4 2 2 4 4 2 180 3 4 1 4 2 65 4 4 3 2 3 106 2 1 4 3 4 3 4 19 2 2 35 2 4 44 107 1 86 3 4 4 1 1 2 3 3 4 3 3 4 127 4 1 4 3 1 1 3 1 1 1 4 2 3 1 3 4 4 1 178 2 2 2 4 194 1 1 2 4 3 2 4 3 1 2 3 4 3 1 3 2 3 1 17 2 3 1 4 1 2 3 58 1 4 3 2 1 3 1 167 3 1 132 193 3 52 2 5 163 1 1 1 4 3 1 68 2 4 1 2 3 1 4 54 3 173 3 2 1 144 4 1 165 1 3 3 94 4 1 4 172 3 185 3 4 3 3 1 3 2 12 1 2 97 3 3 130 85 2 123 3 3 4 203 3 4 199 50 2 2 4 1 29 1 2 4 122 2 1 4 2 1 4 1 2 170 3 2 76 1 1 146 4 3 66 83 1 1 4 2 4 4 1 3 2 1 1 3 3 2 2 2 3 1 3 69 4 4 2 63 4 2 155 24 41 55 3 1 141 4 2 4 1 4 162 4 2 3 4 2 1 3 2 37 1 4 4 169 3 3 137 4 3 1 1 3 4 2 4 1 145 42 1 4 3 1 2 1 183 1 36 2 1 3 1 3 1 1 4 1 73 1 3 1 2 3 2 2 4 3 1 3 3 30 4 3 4 98 1 3 4 4 2 2 3 3 1 198 4 4 3 3 4 2 4 1 56 1 1 10 4 3 1 2 2 1 3 3 4 1 2 4 4 3 2 2 4 1 1 4 67 4 4 3 3 1 4 1 2 201 189 3 3 2
1000 1000
1 1 2 4 1 4 3 4 2 2 2 2 3 3 3 4 2 2 4 1 2 4 1 1 2 4 4 4 1 1 3 2 1 2 1 3 3 2 3 3 1 4 4 3 3 4 2 1 1 4 2 3 1 2 2 1 4 2 1 2 4 2 2 1 2 4 4 3 4 2 4 4 3 1 1 3 1 2 4 2 3 3 3 3 1 4 2 1 1 1 1 2 2 2 2 4 1 4 3 4 4 1 4 4 2 2 1 3 1 4 3 3 3 4 2 3 2 1 3 1 3 1 4 2 2 3 3 3 2 4 2 3 4 4 1 1 1 4 1 4 2 2 2 1 3 3 3 4 3 1 3 4 4 4 4 3 2 4 1 2 1 4 4 3 4 1 2 2 4 2 2 3 4 2 4 3 2 3 1 2 2 4 2 4 3 3 4 2 1 2 2 2 3 4 2 4 3 4 3 4 3 1 3 4 4 4 1 3 1 3 3 2 2 1 1 2 4 3 2 1 3 1 3 1 4 3 4 1 1 3 3 1 3 4 3 4 2 2 1 3 4 4 4 3 1 3 3 4 4 1 3 4 2 3 1 3 1 4 4 1 3 2 1 2 1 3 1 2 4 1 1 2 2 2 2 4 2 4 3 1 2 2 1 2 4 4 3 3 3 1 4 3 3 3 1 3 1 2 4 4 4 1 4 4 4 2 2 3 2 1 4 2 3 4 2 3 1 1 2 1 2 1 2 4 1 1 2 4 3 2 1 2 4 2 4 1 1 4 4 2 1 1 1 1 3 1 1 3 1 3 3 3 1 1 1 2 1 4 2 4 2 1 3 2 4 2 2 3 1 2 4 1 4 4 4 4 1 3 3 2 2 1 3 1 4 3 1 4 2 2 4 1 3 2 3 1 4 1 2 3 2 1 3 3 4 1 3 1 1 2 3 3 3 4 2 3 3 2 1 4 2 1 1 2 2 1 1 1 1 2 2 1 4 2 1 2 3 3 3 2 4 3 4 4 2 3 1 2 3 3 1 4 3 2 2 4 3 1 1 4 3 3 2 3 4 4 1 3 3 1 4 3 1 4 4 2 3 4 3 3 4 4 1 1 4 1 3 1 3 4 1 2 3 3 2 1 2 2 1 4 3 3 1 3 2 1 4 3 2 2 2 1 2 2 3 3 1 2 1 1 1 1 1 2 4 2 2 4 2 4 4 2 2 3 2 4 1 4 1 1 2 2 3 3 3 1 3 3 2 3 2 2 4 4 3 1 4 1 1 1 2 1 1 2 3 4 1 3 4 1 3 1 1 2 4 4 1 1 2 1 3 2 2 2 3 3 3 2 4 1 1 1 4 3 2 2 2 2 4 4 1 4 4 1 1 3 1 4 3 4 4 1 4 4 1 1 4 3 1 2 3 2 2 2 4 2 2 2 3 3 2 3 3 4 2 4 2 2 3 1 2 4 4 4 2 4 4 2 2 1 4 1 1 3 2 1 4 4 3 1 2 1 4 2 4 4 1 4 3 3 2 1 4 2 3 3 4 4 2 2 4 1 3 4 4 3 2 1 1 4 2 2 3 2 1 1 3 3 2 3 2 3 3 3 2 4 4 2 1 3 3 1 3 1 4 1 1 3 4 3 2 4 1 3 2 4 2 2 2 3 1 2 3 1 3 3 2 1 2 4 3 2 4 2 1 2 4 2 1 2 4 4 2 3 4 4 3 4 4 2 1 4 1 3 1 3 3 3 1 1 3 1 4 1 3 2 3 1 4 2 3 4 2 1 4 2 2 4 3 1 1 4 4 1 1 4 2 4 2 2 3 4 2 4 3 3 2 1 3 3 1 4 3 1 1 1 1 2 2 1 2 3 2 1 2 1 1 4 3 3 2 2 4 3 3 1 3 4 4 2 2 4 4 4 4 4 2 4 4 4 2 3 2 2 4 4 1 1 2 3 3 4 3 1 4 2 4 3 1 1 1 3 3 2 4 1 3 4 4 2 4 3 4 1 4 1 2 2 1 4 2 3 3 3 1 1 3 3 4 2 3 1 3 1 3 2 1 4 4 4 3 2 1 3 3 2 2 2 3 3 3 4 3 2 2 2 2 3 3 2 1 1 3 1 2 3 1 4 2 3 3 4 4 1 3 3 4 3 2 3 4 3 4 4 3 3 1 4 2 1 4 2 4 1 2 4 2 1 2 3 3 2 3 2 4 2 2 3 1 2 2 1 4 3 4 3 1 3 3 2 3 1 3 2 4 2 4 3 4 4
39 69 44 4 62 10 81 97 29 99 1 17 8 65 16 96 10 57 80 34 65 94 96 11 73 30 37 89 67 13 86 62 89 67 79 49 17 99 86 80 81 62 6 19 58 75 92 65 21 59 16 63 64 59 94 22 87 63 90 7 15 38 64 100 34 100 97 23 17 52 46 83 58 22 10 82 88 80 94 43 12 56 46 48 6 89 6 44 23 58 92 69 77 56 41 54 81 71 80 76 80 68 38 28 32 43 75 33 51 45 74 15 3 38 77 62 38 78 35 51 66 32 35 11 58 62 66 78 48 77 19 11 63 69 84
3 3 4 3 4 116 2 146 2 2 4 2 3 129 127 2 1 102 1 4 185 3 2 100 2 1 3 2 2 1 4 4 2 4 2 159 109 148 1 4 4 11 1 1 1 1 1 4 182 1 2 3 2 4 4 4 3 1 3 3 2 1 4 35 29 1 145 2 2 2 3 3 4 1 4 1 3 8 3 87 56 3 1 3 1 1 3 2 3 4 4 3 3 3 2 3 2 3 1 3 3 28 2 144 3 2 2 2 168 195 96 2 98 3 3 4 2 42 3 2 91 3 1 4 1 4 3 2 53 3 3 1 3 1 3 4 2 3 4 2 1 3 2 4 2 2 73 23 2 4 2 2 22 1 162 4 3 3 193 4 1 2 2 2 4 3 111 2 2 1 3 1 4 4 132 4 47 4 2 69 76 3 66 2 3 3 67 3 190 2 1 157 1 2 3 2 4 130 16 203 3 4 3 2 3 1 3 9 4 1 197 3 3 1 2 4 133 2 3 37 4 3 2 3 4 3 2 163 3 1 3 3 3 3 3 20 3 1 3 4 3 3 3 172 3 3 4 3 2 179 1 45 3 1 1 4 3 3 1 180 3 2 1 2 4 3 4 4 4 3 52 3 85 70 1 4 1 2 151 4 1 10 2 149 126 2 3 1 1 1 3 4 4 4 61 4 154 2 4 3 128 15 1 4 158 1 3 2 3 2 3 3 3 2 2 2 1 4 113 2 3 1 3 3 1 1 3 4 60 4 134 2 4 1 3 2 1 2 2 4 3 2 137 3 1 2 1 4 3 3 1 1 1 1 1 2 4 1 1 1 21 2 2 1 41 201 1 131 71 18 32 3 55 4 3 2 31 4 1 2 4 4 198 1 1 2 173 3 64 4 2 2 191 4 3 40 3 160 1 2 4 4 2 3 4 4 4 3 3 2 2 6 4 2 142 2 2 4 4 3 2 2 4 4 2 4 2 1 4 4 3 2 1 186 58 124 167 4 202 1 4 2 2 4 2 2 1 4 1 2 140 3 3 177 120 1 3 2 1 4 1 2 4 3 4 4 2 2 7 1 2 176 1 25 2 4 2 44 4 84 4 2 2 4 3 143 4 2 4 4 138 107 2 1 110 2 4 1 3 4 3 3 3 1 4 101 3 1 1 2 3 38 2 4 153 1 1 194 4 139 165 4 4 166 2 1 3 2 1 3 4 4 4 2 2 2 4 1 175 2 3 3 4 204 1 184 4 4 2 4 117 171 1 105 118 95 1 2 4 2 1 3 1 2 2 2 104 1 2 3 2 4 1 1 4 68 2 2 2 1 3 1 3 2 81 4 3 106 1 2 1 2 1 103 2 4 2 54 4 2 2 2 1 3 39 3 4 2 1 4 4 94 2 4 83 3 2 4 49 4 2 4 1 1 2 3 3 4 2 2 1 3 4 3 1 4 1 97 2 3 181 1 1 1 2 2 2 3 3 77 1 3 30 1 4 2 4 178 1 3 2 92 1 3 3 1 1 3 1 1 1 82 2 1 4 2 4 1 4 2 36 4 27 2 59 1 3 1 3 2 2 3 75 2 135 1 1 1 1 1 1 2 4 1 3 4 3 1 3 1 86 1 34 161 3 4 4 1 4 200 114 1 4 1 2 170 3 3 2 174 2 4 2 3 2 1 188 3 3 189 88 119 63 4 33 2 3 1 3 2 1 3 3 3 2 4 4 2 1 164 24 2 3 1 3 4 1 5 4 99 1 123 4 1 89 2 57 192 2 4 1 187 3 4 46 4 3 1 4 4 1 1 152 4 50 115 2 2 4 3 2 3 1 4 2 3 1 3 1 2 2 155 2 1 1 4 1 2 122 1 4 1 1 3 4 3 2 4 3 1 4 3 4 4 2 17 2 2 1 2 1 3 2 4 4 4 2 2 2 4 4 4 3 4 2 1 72 3 3 1 3 1 2 2 1 3 3 2 1 3 2 2 3 1 2 4 4 1 1 3 79 1 1 3 1 3 3 3 4 4 1 1 74 4 4 14 4 93 3 1 125 1 1 2 2 4 3 65 4 3 121 78 1 3 26 3 4 4 4 3 2 4 3 196 1 2 4 4 2 4 147 3 90 4 1 2 199 1 136 3 3 183 3 4 80 3 12 1 51 2 2 2 3 2 3 3 62 3 2 1 2 1 1 43 13 3 150 3 2 4 2 3 2 2 169 141 1 4 3 4 4 1 2 3 3 1 4 156 112 1 1 3 1 48 1 4 2 108 19 3
1000 1000
3 3 3 3 4 4 3 4 3 3 2 3 1 1 2 4 4 2 1 1 2 4 2 2 2 3 2 4 2 1 4 3 2 4 1 4 3 2 2 1 4 1 3 3 2 1 1 3 3 4 2 4 3 4 2 2 3 2 2 1 4 4 2 1 4 3 4 2 1 2 3 1 1 1 4 4 2 1 1 3 4 2 1 4 1 2 2 1 3 1 2 2 1 2 4 3 2 1 3 1 2 2 3 3 4 3 3 3 2 1 4 1 2 2 1 3 2 1 4 3 1 4 1 4 2 2 2 2 2 4 3 4 1 4 3 3 1 1 4 4 1 1 2 4 3 2 4 1 3 1 1 4 2 2 4 2 2 1 4 2 1 4 2 4 2 2 3 3 4 4 2 3 3 2 4 2 2 3 2 4 2 4 3 3 2 2 2 4 4 1 1 1 3 1 1 2 1 4 3 3 2 1 3 4 3 2 2 4 4 1 1 2 1 3 4 2 1 1 3 2 4 4 3 2 2 1 3 2 3 2 3 1 2 4 3 4 3 1 1 4 4 4 2 3 3 2 2 4 3 2 4 3 3 3 2 1 1 3 3 3 2 2 2 4 4 4 1 3 4 1 2 2 2 2 3 2 3 3 3 4 1 1 2 3 1 1 1 2 2 1 3 4 4 4 2 2 3 2 2 4 4 4 4 4 2 3 2 3 1 4 4 4 1 1 4 4 1 2 4 1 2 1 2 1 3 1 3 3 1 1 4 4 4 3 4 1 4 3 3 2 3 2 3 3 1 3 4 3 2 3 2 4 2 4 3 3 3 1 1 3 1 4 1 3 3 2 3 4 1 2 4 4 1 4 1 2 2 1 1 2 1 1 2 4 2 2 1 4 3 1 4 1 2 4 4 3 3 4 3 4 1 4 2 3 3 3 4 2 2 1 2 4 1 4 3 2 3 3 2 3 4 3 4 1 1 1 4 2 2 2 3 2 1 3 4 1 4 2 1 3 3 1 1 3 2 4 4 4 2 4 1 2 1 4 4 4 1 1 1 2 2 2 4 2 4 1 4 1 2 2 2 1 1 2 1 4 1 1 1 4 1 1 3 1 3 1 2 4 1 4 4 3 4 2 3 3 2 1 3 1 1 2 2 1 2 4 1 4 3 2 3 2 3 3 3 1 2 2 4 2 2 2 1 3 4 1 4 4 1 3 1 2 1 1 4 2 4 1 4 3 4 3 3 3 1 4 4 2 2 3 3 4 1 2 3 1 1 1 2 1 2 3 1 4 4 2 3 3 4 2 1 4 1 1 2 3 3 2 4 3 1 4 3 1 3 1 3 4 2 4 4 2 1 2 1 3 3 4 3 3 4 3 3 1 2 1 2 4 4 4 4 3 2 2 1 3 4 4 3 3 1 3 4 2 4 1 4 2 1 2 4 1 3 4 1 4 3 1 1 1 1 4 3 4 2 1 1 3 4 4 1 1 2 3 3 3 3 1 3 2 3 1 2 3 3 1 3 3 1 3 1 4 1 3 2 2 1 2 3 4 3 2 3 3 4 3 4 1 4 3 3 4 1 2 1 2 3 3 1 4 2 2 1 4 4 2 4 2 1 2 2 1 3 2 1 2 2 3 2 1 2 4 2 1 3 2 3 1 4 1 2 4 4 4 1 1 3 3 4 3 2 2 4 4 2 1 2 1 1 3 4 3 4 3 1 3 3 1 3 1 4 1 2 1 2 1 4 1 4 4 2 1 4 3 3 4 2 2 1 2 3 2 2 3 4 4 4 4 2 1 3 4 2 1 1 3 4 2 1 1 2 4 4 3 3 4 2 2 1 4 1 2 3 4 1 4 2 4 1 2 1 1 2 4 3 4 1 3 4 4 3 3 3 4 3 1 3 3 1 2 4 2 3 4 4 3 3 2 4 2 4 4 1 3 4 4 3 4 3 1 4 3 3 2 2 3 1 1 3 2 1 3 2 4 2 2 3 1 4 4 1 2 4 3 3 1 3 3 3 1 1 3 2 2 1 4 1 3 2 4 2 2 1 2 3 1 4 4 3 1 3 2 2 3 2 4 1 4 1 2 2 1 2 3 1 2 1 1 4 4 2 2 3 1 2 2 2 3 2 2 1 2 2 1 1 1 3 3 4 3 2 2 2 3 4 2 2 4 3 1 1 4 2 1 4 1 3 1 4 3 1 1 2 4 2 4 4 1 1 1 4 1 2 2 4 2 4 3 3 4 1 2 3 4 4 1 1 4 3 2
2 1 4 2 3 3 19 1 72 2 1 4 3 4 1 4 2 1 32 2 2 3 4 3 77 2 163 3 4 4 3 45 3 4 70 4 3 2 4 189 4 3 3 4 109 1 4 4 69 4 2 4 1 198 1 2 1 2 2 47 132 131 2 4 1 115 2 3 2 4 3 1 2 2 3 1 97 180 4 1 1 4 4 4 1 146 1 1 2 3 65 1 2 139 1 4 11 3 1 1 2 3 1 1 2 114 2 1 1 3 4 4 1 4 3 2 3 2 4 1 2 4 1 4 2 4 2 113 2 1 4 4 1 4 3 4 3 2 41 2 1 3 34 3 194 190 2 4 2 1 4 2 4 137 2 1 1 54 2 107 4 1 3 195 1 4 4 203 101 2 15 3 2 2 1 1 50 1 2 1 3 202 1 3 4 4 2 2 3 160 3 2 2 59 4 3 1 1 3 4 1 4 1 1 2 63 110 3 4 1 4 40 4 4 4 2 187 169 1 164 3 46 3 3 2 2 81 4 4 2 3 4 2 2 1 2 3 1 53 4 4 4 153 3 2 4 56 154 4 105 142 3 2 1 3 1 4 1 4 3 1 1 2 201 4 4 2 4 2 2 2 134 2 2 3 4 4 3 140 4 4 93 2 186 4 73 2 4 4 1 2 1 2 103 1 4 1 200 1 127 2 4 2 4 4 3 1 3 1 1 124 167 1 4 3 3 199 3 4 31 1 55 3 87 4 1 4 1 3 2 3 1 2 1 4 4 2 3 3 2 1 4 1 4 2 25 2 120 1 1 4 4 2 106 1 52 3 3 3 2 4 193 2 3 3 1 88 1 2 2 3 3 2 4 3 5 3 94 16 1 21 2 2 2 1 2 3 1 4 78 145 6 3 2 2 152 4 49 2 2 3 3 4 1 2 4 4 2 185 3 4 1 3 1 3 4 1 111 4 1 2 4 42 3 1 89 108 188 4 144 1 2 2 1 1 1 151 37 3 2 4 4 2 2 2 4 2 2 14 3 1 4 4 102 3 2 90 2 165 3 2 2 3 1 1 1 1 1 1 1 1 3 2 4 4 1 1 2 1 3 2 1 24 2 1 1 1 3 119 1 2 83 2 1 2 1 1 4 3 1 1 92 3 12 3 4 3 3 162 4 57 1 1 147 3 2 4 117 4 122 1 4 4 1 2 3 2 130 1 3 3 2 33 2 2 2 4 4 2 1 4 3 4 7 4 3 2 4 3 4 1 3 1 2 1 3 2 4 3 4 4 1 2 86 4 30 4 1 136 1 3 1 204 1 1 48 3 66 3 179 3 3 4 3 3 3 2 3 4 3 3 1 4 4 2 3 3 4 2 2 3 176 4 4 1 4 22 1 1 2 3 4 2 3 126 4 2 1 3 1 3 159 17 2 4 1 143 3 26 3 1 170 1 191 64 3 158 3 3 2 173 1 67 3 1 4 1 1 2 4 4 2 13 1 121 133 3 4 161 100 182 4 2 1 2 166 3 4 2 150 1 171 3 2 3 128 2 3 3 3 4 4 3 4 1 2 2 1 1 1 138 3 2 2 3 2 1 2 4 2 3 1 3 3 4 2 1 95 1 3 1 20 3 3 2 2 4 1 2 156 192 1 60 4 2 4 4 2 1 2 174 38 1 3 1 4 141 1 2 123 28 2 3 148 3 3 4 61 125 168 3 1 1 4 3 1 2 2 2 4 177 155 4 1 1 80 2 2 1 3 4 4 3 1 1 9 2 183 3 1 1 1 2 3 2 1 4 1 2 2 3 4 1 3 4 3 4 74 3 2 3 2 2 2 51 2 29 3 2 2 2 4 196 68 2 4 1 1 1 4 85 62 35 1 4 4 2 4 2 3 3 2 4 3 4 2 36 4 1 1 2 3 2 27 1 3 4 4 8 84 3 2 175 3 2 10 18 3 181 2 4 1 4 3 2 4 2 3 3 4 99 2 1 1 1 1 75 1 116 172 4 1 2 1 184 4 2 3 3 1 1 157 3 3 2 129 2 3 3 2 3 4 1 4 3 3 1 96 4 1 118 2 2 43 91 3 39 2 1 1 4 1 2 3 4 82 2 149 98 23 2 2 1 1 4 2 2 4 1 4 1 4 2 1 4 1 2 58 1 1 79 2 1 44 112 76 1 1 104 4 3 2 2 178 3 2 1 3 4 1 1 3 197 3 3 4 71 3 2 4 2 3 2 135 2 4 4 2 3 3 3 3 1 4 3 2 4 4 3 2
1000 1000
1 2 3 4 1 1 3 3 1 1 3 4 2 1 3 3 2 4 3 1 1 3 3 4 4 2 2 1 1 3 2 1 1 4 4 4 3 2 3 1 4 1 3 3 3 4 2 1 3 4 1 4 4 3 2 3 4 1 4 3 1 4 4 3 2 4 3 2 2 1 2 4 4 3 4 4 4 1 4 2 2 2 2 1 1 1 1 2 4 3 4 2 2 1 3 1 2 1 4 2 4 1 2 4 1 4 2 1 2 1 3 4 4 3 3 3 2 3 3 1 2 1 3 4 2 3 3 2 3 4 1 2 1 4 4 4 2 2 1 4 4 2 2 4 3 1 1 1 3 4 1 3 3 4 4 1 4 4 2 2 3 2 1 3 1 1 4 1 1 2 1 1 1 4 4 1 4 3 2 3 4 3 1 4 2 4 1 4 4 2 2 4 3 2 4 1 3 1 4 1 2 1 4 2 3 1 1 4 1 2 3 4 2 1 4 1 1 1 1 4 2 4 3 4 2 3 1 2 1 1 1 4 4 3 2 4 3 4 1 1 3 2 2 4 4 4 4 4 1 2 4 2 4 2 2 4 3 2 2 4 4 4 4 2 2 4 1 2 4 2 3 3 2 4 2 1 2 4 1 3 3 2 3 4 3 3 1 1 4 1 4 3 3 3 2 1 1 4 4 3 1 3 3 1 3 2 3 4 4 2 2 4 3 4 2 4 3 3 2 4 2 4 3 2 1 4 2 1 2 2 2 4 4 4 1 4 2 2 4 3 3 3 1 4 2 2 2 1 2 3 4 2 4 4 2 4 3 3 4 4 1 4 3 3 2 2 3 2 3 3 4 1 3 3 3 2 1 3 4 2 3 1 3 1 4 3 4 4 2 1 1 1 3 3 3 4 4 3 4 1 1 2 4 2 4 3 2 3 3 1 4 4 3 3 3 4 2 1 1 4 3 2 1 4 2 4 1 4 4 3 1 1 4 3 4 2 1 1 2 2 1 4 3 2 3 4 2 4 1 2 2 1 2 4 3 4 3 4 4 1 1 2 3 2 1 1 4 1 4 4 2 4 4 2 1 2 2 4 4 2 2 1 3 3 3 1 3 2 2 4 3 4 1 4 1 2 2 3 4 1 4 4 1 1 4 2 1 2 2 2 3 1 4 3 1 2 3 2 1 1 1 1 3 2 1 4 4 4 1 4 2 3 4 2 2 4 2 3 3 2 4 2 2 1 2 3 2 4 1 2 2 4 3 2 4 1 2 3 3 3 1 2 1 2 2 2 4 4 3 3 1 3 4 1 3 1 2 2 4 4 4 1 4 3 2 2 3 2 1 3 4 4 4 3 1 3 4 3 1 1 3 1 2 3 2 4 1 4 3 2 2 1 4 1 2 4 3 2 1 4 2 4 2 2 2 2 4 4 1 3 2 3 1 1 2 1 1 3 4 1 3 3 4 1 1 4 4 2 2 3 4 4 1 2 1 4 4 4 1 2 2 4 2 2 1 2 3 4 4 4 3 4 2 3 2 2 2 1 3 1 3 1 3 4 2 2 4 4 2 4 3 3 4 1 3 2 1 2 2 2 1 2 4 1 3 2 2 3 1 4 4 1 2 3 1 3 1 1 2 2 1 1 4 2 1 3 4 4 1 1 3 3 4 4 2 3 3 4 3 2 4 4 3 1 2 3 4 1 4 1 3 3 3 1 1 1 2 2 4 4 3 2 1 4 2 2 4 1 4 2 1 4 1 2 2 4 3 2 2 2 2 2 3 2 1 4 2 3 4 3 3 3 1 1 1 3 1 4 3 2 3 4 1 1 2 4 4 3 3 4 3 4 4 1 4 3 2 3 2 3 2 1 2 1 4 3 3 4 4 1 3 3 4 3 3 1 3 2 4 1 2 4 1 1 1 2 4 3 1 3 1 3 3 4 1 4 1 1 4 1 2 4 4 2 2 4 3 1 4 3 2 1 1 3 1 1 1 1 1 1 4 2 3 1 4 1 4 2 1 3 3 1 2 2 4 4 4 1 2 4 2 3 1 1 4 4 2 3 2 3 2 1 2 1 1 2 4 4 1 2 4 3 2 4 1 1 4 2 3 2 4 4 2 1 1 4 3 2 3 4 2 4 2 3 4 4 1 1 4 3 3 4 4 2 1 3 1 4 4 3 1 2 2 4 3 4 3 1 1 4 2 1 1 3 1 3 1 4 4 4 1 4 2 2 2 3 2 3 1 1 1 1 4 3 3 1 2 1 4 3
1 1 3 1 2 4 2 4 1 2 2 1 2 2 25 2 1 1 3 200 1 92 3 108 85 26 2 2 3 103 4 1 2 4 35 4 4 3 143 4 2 4 145 4 2 1 3 104 3 1 2 3 3 4 2 72 4 166 3 1 79 4 4 4 3 2 2 2 3 1 1 3 4 3 4 4 2 1 2 4 4 1 123 34 4 1 2 4 1 4 3 1 2 4 102 114 2 3 1 1 2 1 150 3 2 3 1 4 62 65 3 2 2 4 2 4 3 133 163 4 4 1 1 3 3 2 1 3 4 199 2 48 4 2 148 3 52 3 3 2 2 2 4 93 3 4 3 3 4 157 1 4 130 2 1 4 84 57 2 4 1 3 37 3 2 4 201 4 1 1 2 42 115 2 9 50 2 1 3 94 1 3 1 2 2 2 4 2 2 2 4 2 22 3 1 156 2 4 2 3 4 3 2 1 3 4 191 1 172 1 4 4 3 1 2 2 1 49 1 1 4 4 140 188 1 61 2 1 2 101 175 3 95 2 2 135 4 4 4 4 4 3 31 1 3 3 4 1 4 1 2 33 2 2 2 4 3 1 3 1 2 2 3 154 3 4 1 2 2 160 1 1 4 1 4 2 4 2 28 1 2 3 124 3 3 51 87 2 3 3 4 2 2 1 1 1 1 198 1 4 2 3 2 3 4 4 4 2 2 2 3 2 146 75 1 1 2 2 162 3 4 3 29 4 3 2 4 3 136 137 3 1 4 2 3 3 4 2 4 88 1 1 63 4 1 184 2 2 170 4 3 1 1 4 1 4 2 3 27 2 1 2 2 1 4 7 1 2 2 3 3 99 1 176 1 2 1 186 4 1 2 1 78 3 3 2 1 3 1 193 4 4 1 2 1 187 173 2 2 4 1 4 4 3 2 125 1 3 77 1 96 1 171 1 3 3 3 2 4 4 4 1 129 2 1 4 56 4 1 1 1 3 3 2 1 4 2 158 3 1 1 47 1 2 14 59 178 182 98 4 2 1 1 36 4 1 1 1 3 2 4 1 4 3 3 3 2 1 1 43 1 105 2 66 3 2 1 4 4 3 1 1 3 4 1 21 2 4 4 3 44 1 3 2 4 111 190 4 60 2 1 53 76 3 138 1 3 3 1 1 4 1 1 118 4 4 4 4 1 2 3 46 2 3 3 4 2 3 1 20 144 1 1 180 1 4 38 2 126 70 1 2 4 1 4 4 4 3 32 3 4 3 183 54 3 1 4 3 3 3 3 194 4 69 1 4 1 4 4 3 2 179 1 4 3 3 192 109 2 4 4 2 39 4 4 1 4 1 4 1 202 147 121 4 3 4 11 2 4 1 4 1 2 1 1 2 2 2 3 2 2 2 4 1 4 2 4 2 2 1 4 3 2 18 19 134 4 3 3 4 1 4 2 2 4 131 2 3 1 3 2 107 1 16 55 3 113 2 120 2 4 2 2 4 4 2 1 1 3 1 204 110 139 13 1 141 3 2 1 116 4 2 4 2 67 3 1 2 1 3 2 2 2 17 1 4 4 1 4 1 2 3 4 4 2 4 2 1 1 153 4 4 117 3 4 1 1 4 2 197 3 3 4 4 4 4 4 1 1 71 3 10 5 112 81 2 3 4 3 4 2 169 2 132 4 4 3 1 2 4 1 1 3 4 4 2 1 1 4 3 4 2 1 4 2 2 2 3 1 168 149 4 4 2 1 3 97 1 2 3 189 3 3 4 1 3 1 4 4 1 4 1 4 3 4 1 152 3 1 155 2 1 1 4 2 58 2 41 1 1 2 1 2 2 181 4 2 4 64 3 2 3 165 4 2 1 106 1 3 4 196 2 2 4 1 74 2 4 122 4 1 3 3 1 2 3 2 3 2 2 4 2 1 6 4 203 1 1 3 3 3 1 4 2 1 3 3 4 185 68 4 12 2 2 2 2 1 195 3 3 4 4 4 3 4 4 86 167 3 1 30 2 4 2 1 1 24 128 4 3 3 2 1 1 1 119 4 3 159 4 2 1 4 3 2 23 4 4 40 2 4 3 3 3 4 3 4 4 4 2 82 4 4 4 142 1 1 4 1 15 1 4 3 151 73 4 91 2 4 89 3 3 127 2 2 4 4 1 3 90 4 4 2 161 100 1 4 3 1 4 1 3 3 2 3 80 1 45 177 8 83 4 4 2 4 3 3 1 3 2 3 4 2 1 2 1 4 164 3 4 4 1 2 2 174 1 2 4 1 3
1000 1000
2 3 3 2 4 1 1 1 4 2 4 2 1 4 3 1 1 4 1 4 4 2 2 3 2 3 1 4 3 4 1 1 2 4 1 2 2 1 3 2 2 3 2 4 3 1 3 4 4 3 3 3 3 2 3 1 3 4 4 3 4 2 4 2 4 4 3 3 2 4 4 3 2 3 4 2 2 3 1 4 1 3 2 1 4 2 4 4 1 3 3 3 3 2 2 4 4 4 3 3 1 2 1 3 4 2 3 3 3 3 3 1 4 2 2 1 2 3 4 4 4 3 3 3 4 3 3 2 1 4 3 3 3 2 2 4 4 3 3 2 2 2 3 3 3 3 4 4 2 4 1 1 3 1 3 4 2 1 1 1 3 3 2 3 2 4 2 1 3 2 3 1 3 1 4 2 3 3 3 1 1 4 3 3 3 4 1 1 2 2 1 1 1 2 3 3 4 2 4 3 4 4 3 4 1 4 3 2 2 2 4 3 3 1 2 1 1 4 1 2 2 4 1 4 1 4 3 1 2 1 3 1 3 4 2 3 4 2 2 4 4 4 1 1 3 1 1 2 3 4 4 3 1 1 1 3 3 4 2 4 1 2 1 4 2 3 3 4 4 2 3 4 2 3 2 3 3 1 3 3 3 4 2 3 2 4 1 2 4 4 1 4 3 1 3 3 2 4 4 1 2 4 4 4 4 3 1 4 1 3 1 1 3 4 1 4 4 3 2 4 2 4 1 2 2 4 1 1 3 2 4 1 1 3 2 2 3 1 4 3 1 1 3 3 3 2 3 3 4 2 4 3 1 1 1 4 2 2 2 2 2 1 4 2 1 3 4 1 3 1 1 2 4 3 1 3 4 1 4 4 1 4 2 4 3 3 2 1 2 4 3 2 4 1 3 2 2 2 3 1 4 4 2 2 1 3 1 1 4 2 3 2 3 3 3 3 3 4 4 1 1 3 4 1 2 3 3 2 4 1 1 2 1 4 1 1 2 3 2 4 4 3 2 2 4 3 2 3 3 4 2 4 3 4 1 4 3 4 1 1 4 3 4 3 1 2 1 2 4 4 2 1 1 1 4 2 1 4 1 4 4 4 4 1 1 4 4 1 3 3 1 1 2 1 3 2 3 1 3 4 3 1 2 1 3 1 4 3 2 3 3 3 3 1 2 3 2 1 2 4 2 3 4 2 1 2 1 4 4 2 2 2 2 3 2 4 4 4 1 3 2 1 1 3 2 2 4 3 1 2 2 2 3 4 1 1 1 4 2 2 1 1 1 3 3 3 1 3 3 3 4 2 1 3 2 2 3 3 4 3 1 2 1 1 2 2 1 1 4 3 1 3 2 1 2 3 3 1 2 1 2 3 3 1 2 2 1 3 2 4 2 4 4 1 1 3 2 3 1 3 2 4 2 1 3 1 3 1 2 3 1 4 3 4 4 2 3 4 4 2 1 4 2 3 4 2 3 3 1 1 4 3 3 2 3 3 2 4 3 1 2 1 4 1 4 4 4 1 3 3 3 1 2 3 2 4 1 2 3 4 3 1 2 1 2 2 4 1 2 1 2 4 2 1 1 1 1 2 1 1 2 3 1 4 1 4 3 3 2 3 1 3 2 1 4 3 1 1 3 1 1 1 2 3 4 1 4 4 3 3 1 2 4 2 1 3 4 4 3 4 2 4 4 3 1 4 4 1 2 3 4 3 4 1 2 4 2 4 1 2 3 2 1 3 1 4 4 1 4 1 4 3 4 1 2 2 3 4 1 1 3 2 1 2 3 1 1 3 1 2 3 3 1 2 1 3 4 1 2 4 4 3 1 3 2 3 2 1 4 2 1 4 2 2 2 3 4 1 2 2 4 1 2 3 2 1 3 4 3 3 3 2 1 2 4 1 3 1 1 1 2 4 4 1 3 4 2 4 4 2 2 1 3 1 3 4 4 2 1 1 4 3 1 2 1 1 4 1 4 4 4 1 1 4 1 4 3 1 2 3 3 1 2 1 4 1 1 1 2 4 4 1 1 4 1 1 3 2 3 4 1 1 3 2 1 2 1 2 3 2 4 2 3 1 2 2 2 3 1 2 4 3 3 3 1 2 2 4 4 1 2 4 3 1 3 4 2 2 4 2 1 3 3 1 2 2 2 2 2 4 3 4 1 2 1 3 3 1 1 2 3 1 2 4 3 1 3 3 2 2 3 3 2 4 2 4 3 2 1 2 2 1 4 1 1 1 3 4 3 3 4 3 3 1 4 1 4 3 4 2
23 2 3 4 4 3 4 3 2 1 1 3 182 1 1 56 3 3 1 1 113 107 3 4 4 1 3 2 2 3 3 3 1 3 1 3 4 4 49 4 3 2 3 2 2 4 1 4 3 4 4 3 1 76 1 1 146 4 74 93 3 2 2 3 1 46 50 178 132 2 43 157 2 3 4 82 3 3 141 1 4 4 185 140 4 1 2 3 1 1 5 3 3 4 3 1 2 28 3 1 1 3 3 1 4 2 4 4 3 4 4 4 2 4 155 4 3 156 134 1 4 3 168 41 3 2 4 4 1 187 1 2 3 3 173 3 4 2 4 2 1 3 2 2 4 2 1 1 167 1 73 4 3 3 4 4 4 20 152 8 2 4 30 197 2 3 1 1 3 2 1 3 125 1 1 2 2 2 1 115 101 1 2 1 3 1 2 3 2 3 4 3 75 4 3 4 1 1 4 2 4 2 2 84 2 2 3 1 1 4 3 3 3 16 1 4 3 1 4 3 1 3 4 1 79 1 2 3 4 9 4 3 122 1 3 1 2 3 4 15 4 4 2 2 4 2 2 4 3 1 154 1 194 4 3 2 3 3 21 3 2 3 180 1 3 4 162 1 4 58 4 2 32 3 83 1 4 3 2 119 1 3 2 3 1 1 4 13 1 4 2 103 4 3 4 3 4 1 1 130 4 118 3 98 4 2 2 4 3 1 4 117 2 90 89 153 3 1 1 2 3 3 2 1 3 1 2 69 2 4 4 3 2 4 3 4 14 3 3 2 3 2 1 59 26 2 3 1 2 2 2 3 1 1 2 3 2 1 2 1 2 202 4 1 3 4 1 1 1 4 4 4 3 3 1 4 3 2 3 4 4 2 177 1 1 4 1 2 1 1 166 2 60 4 2 1 4 1 181 4 196 1 2 1 4 3 2 2 4 4 1 4 1 131 94 18 1 2 127 4 1 195 4 4 63 2 2 2 2 121 1 1 137 174 2 3 3 3 3 2 138 1 110 1 3 3 1 3 1 3 100 1 1 2 1 201 2 135 1 3 1 4 3 4 1 3 47 1 2 4 92 3 4 1 2 3 184 3 2 2 3 1 1 1 71 3 3 3 1 1 2 4 150 1 44 2 1 4 4 1 4 4 133 2 4 36 1 4 1 2 106 129 3 164 160 77 4 2 4 1 1 3 1 191 2 2 3 1 2 3 143 3 1 170 11 4 4 1 7 3 4 2 2 1 1 1 96 1 2 37 102 3 1 3 3 4 1 38 1 4 1 2 3 12 3 200 2 151 188 72 4 161 3 4 4 4 1 3 3 4 3 4 4 99 4 192 2 2 1 116 3 3 39 126 4 4 1 3 4 186 2 1 2 128 4 2 2 4 2 1 1 1 2 2 1 4 1 4 3 1 1 4 1 1 2 2 4 1 1 31 3 2 54 3 2 1 4 1 2 4 19 2 25 3 2 4 3 2 189 2 4 1 2 3 1 2 97 4 136 4 4 2 1 2 3 1 85 3 81 4 2 4 1 2 175 3 2 1 3 1 1 62 2 4 3 3 4 2 55 2 172 4 1 3 3 3 45 2 3 2 1 4 51 3 3 3 1 3 1 2 3 145 4 24 2 1 139 111 4 163 4 53 1 3 4 1 4 149 2 80 179 3 3 1 1 1 123 2 3 1 4 3 2 22 183 1 4 3 4 104 3 2 4 2 1 3 2 3 2 4 1 4 1 3 4 3 1 112 3 2 78 3 2 91 2 68 4 57 1 3 4 3 204 4 2 88 2 2 66 4 120 3 1 10 2 4 2 171 3 1 4 2 2 144 70 34 4 2 4 1 2 2 2 1 2 2 4 35 2 2 3 4 3 2 3 4 2 3 2 95 1 87 3 1 29 2 3 4 2 4 114 1 3 4 3 3 1 2 4 2 3 1 4 1 2 198 33 3 3 3 1 4 3 1 2 2 2 1 3 4 142 1 158 3 3 1 190 3 1 3 4 4 1 4 52 1 40 17 4 148 2 1 3 65 4 2 1 2 3 4 1 3 1 1 2 2 199 4 6 1 2 3 1 3 4 4 3 27 4 86 2 2 1 3 4 2 1 2 4 1 2 1 1 3 2 4 2 176 1 3 1 2 42 2 3 3 4 2 1 1 4 61 48 2 3 3 3 1 3 108 147 3 159 3 4 1 64 193 1 124 1 1 1 2 2 4 3 1 165 4 4 1 169 1 4 3 3 1 1 3 105 3 3 2 4 1 67 109 203 4
1000 1000
2 2 1 3 4 2 2 4 2 4 4 1 2 1 4 2 1 1 2 3 3 2 4 2 4 3 4 3 1 3 1 3 1 1 2 1 2 4 2 1 3 3 2 1 4 3 3 1 4 4 1 1 3 1 2 4 4 2 2 4 2 2 4 4 3 4 4 4 3 1 4 3 1 2 4 3 4 4 4 3 1 3 2 3 3 2 2 3 4 3 3 3 2 2 1 3 4 2 3 1 2 1 4 2 2 2 1 1 2 1 4 1 2 3 4 2 4 1 1 3 1 3 4 4 3 4 2 4 3 2 4 2 2 4 4 3 1 3 4 4 3 3 3 2 3 3 1 1 3 2 3 4 1 2 1 1 3 2 3 4 4 1 2 4 2 2 2 4 2 3 1 4 4 1 1 4 2 1 4 3 3 4 4 3 2 1 4 3 2 4 4 4 2 2 3 3 3 3 1 2 3 4 3 1 4 3 3 3 2 1 3 3 3 2 2 1 2 3 4 1 3 2 3 1 2 1 4 2 1 1 1 1 2 4 3 4 1 3 3 3 3 3 4 4 1 1 4 4 2 1 3 4 4 2 1 1 1 4 4 1 3 3 2 4 2 2 2 4 4 1 1 4 1 4 4 4 2 2 3 3 4 3 3 4 3 2 2 1 3 4 1 2 3 4 4 4 3 4 2 1 1 3 1 2 3 4 4 3 1 3 4 1 1 4 3 2 4 3 3 4 2 2 4 1 4 3 3 2 3 3 1 4 2 3 4 1 2 2 1 2 2 3 2 3 1 1 4 3 2 1 2 3 3 3 1 3 3 3 3 4 1 4 3 2 3 2 1 3 2 4 4 2 2 4 1 4 4 3 2 3 1 3 2 4 4 1 2 2 2 1 2 4 2 3 2 3 2 1 1 1 3 1 1 3 1 2 2 4 3 1 3 1 2 3 2 2 3 1 2 4 1 2 3 2 2 3 1 3 3 1 4 4 1 1 1 3 1 4 4 2 1 2 3 4 4 1 1 4 2 2 1 1 3 3 2 4 2 1 4 1 3 2 2 3 4 2 4 2 2 4 1 4 2 2 2 4 3 4 3 4 1 2 4 2 1 4 1 2 2 1 1 2 3 3 3 4 1 3 1 3 2 1 1 3 3 2 1 1 4 3 1 1 4 3 4 2 2 4 2 4 1 1 4 3 1 2 3 1 2 3 1 1 2 4 3 2 3 3 4 1 4 3 1 4 2 3 1 4 2 1 2 3 2 1 1 1 1 4 2 2 3 4 1 4 4 3 3 4 2 1 2 1 2 2 4 2 4 4 3 2 1 4 2 4 4 4 3 1 2 1 4 2 3 2 1 3 4 3 4 4 2 2 4 4 3 4 3 2 1 3 1 3 1 3 1 4 1 2 2 1 1 3 3 2 3 3 2 4 4 2 3 1 2 4 2 3 4 3 2 4 2 4 4 4 1 1 3 4 2 4 1 1 3 2 4 2 2 1 2 2 4 2 1 2 2 3 2 4 4 3 1 1 1 2 1 2 1 1 2 1 1 4 4 3 2 1 3 2 4 3 3 3 3 4 2 4 4 1 2 1 3 4 3 2 1 2 2 1 1 3 3 1 4 1 1 4 1 3 3 4 4 2 2 3 3 4 2 2 4 1 2 4 4 2 3 2 2 1 3 3 3 3 3 1 3 1 1 1 2 4 4 3 1 1 2 4 4 1 4 2 1 1 2 4 4 3 2 2 1 4 1 1 2 3 3 1 1 4 1 2 2 4 1 3 2 3 2 1 3 3 1 4 4 1 3 2 3 4 4 3 2 2 3 2 2 3 4 2 2 4 4 3 4 1 4 3 2 2 1 3 3 2 3 4 1 2 2 4 2 4 3 1 1 2 2 4 4 2 1 3 1 4 2 1 1 4 3 3 4 2 1 3 3 3 4 2 3 2 3 1 2 4 1 2 4 4 4 1 3 4 4 2 4 2 2 3 2 2 4 1 1 1 1 3 1 2 2 1 2 1 3 2 1 4 2 3 1 1 4 3 3 2 3 3 3 1 2 4 1 1 1 2 2 4 4 2 1 4 1 4 3 4 4 3 4 2 1 1 1 2 3 1 1 3 1 2 1 1 1 1 3 4 1 4 2 1 3 2 3 1 3 3 3 3 2 3 2 4 1 4 2 4 4 4 1 4 1 3 1 4 2 4 4 4 4 2 3 3 4 3 2 4 2 3 4 3 2 2 3 1 2 3 1 3 2 2 1 2 4 1
2 28 2 1 3 3 1 158 4 71 1 123 4 128 3 101 3 182 3 2 4 136 4 2 1 2 157 1 2 2 4 4 3 3 81 4 96 1 3 2 61 90 3 3 4 36 141 9 2 13 2 1 4 4 1 2 1 4 171 3 4 4 1 22 202 4 1 3 3 196 4 1 1 3 150 3 68 125 176 4 3 83 1 174 51 3 1 1 3 2 2 2 4 2 3 3 103 4 2 1 2 1 2 1 115 4 4 2 163 1 1 4 59 3 2 1 3 15 4 155 4 2 94 3 1 3 2 3 2 1 3 1 3 3 2 2 53 4 3 3 1 1 3 159 7 3 1 1 3 3 4 4 1 12 4 3 4 1 4 168 2 89 3 1 2 129 2 64 1 4 112 93 1 4 127 4 119 1 82 1 2 183 3 1 4 1 145 2 1 2 3 3 4 4 2 4 3 113 4 1 3 4 2 85 3 97 1 3 4 1 4 4 2 2 4 3 3 2 2 4 2 4 1 4 1 3 1 1 3 4 1 2 84 4 2 2 3 2 4 1 2 4 4 1 132 3 4 1 1 2 2 3 3 2 148 4 2 2 2 2 193 3 63 2 1 3 2 4 2 4 4 3 2 1 2 3 3 2 3 2 4 3 4 4 3 3 4 2 3 4 3 2 3 2 3 1 4 140 4 3 3 3 1 3 1 32 4 4 2 117 4 3 4 2 3 3 5 130 41 4 166 56 3 169 2 1 1 3 152 21 1 2 3 165 1 2 4 2 1 1 4 4 3 2 4 3 1 1 1 2 3 3 2 3 2 2 1 2 4 1 3 3 186 1 4 194 3 3 4 1 2 4 1 4 3 70 2 2 1 107 2 2 1 79 2 4 4 1 2 3 1 4 77 19 4 3 4 2 149 99 1 4 143 4 1 1 3 35 184 3 86 1 4 3 1 2 4 2 1 4 1 4 1 2 1 191 1 4 4 1 1 3 3 1 109 4 3 2 2 75 1 1 2 2 2 4 2 30 4 1 1 192 4 1 3 2 1 106 2 1 2 55 1 1 4 4 3 139 3 1 4 104 204 91 2 2 31 3 60 1 178 3 2 2 201 3 1 3 1 2 4 2 1 4 142 4 3 4 199 1 4 1 4 2 3 1 4 38 3 1 4 2 78 4 4 2 4 1 114 4 3 1 1 146 2 162 195 4 4 3 100 4 1 2 46 2 95 2 4 2 1 1 3 3 3 2 4 2 2 4 1 2 1 4 87 3 3 180 2 1 4 4 3 3 2 17 1 3 120 3 4 4 3 4 160 3 1 2 2 1 4 67 4 2 2 39 3 2 3 2 76 1 1 4 2 2 133 2 1 3 1 4 2 4 4 3 1 1 1 3 3 4 4 3 2 4 1 1 73 2 4 2 3 2 4 2 179 62 3 1 2 175 4 3 137 1 1 2 33 138 34 2 4 3 1 1 102 2 1 111 2 2 151 4 52 2 69 2 2 72 4 3 4 49 1 4 2 2 4 3 45 189 4 203 1 3 88 1 3 131 3 172 118 4 4 2 1 1 1 1 2 4 4 2 80 2 1 4 1 3 29 3 3 3 3 4 4 2 3 4 135 4 4 92 74 1 2 4 1 4 23 1 4 57 1 2 3 4 2 1 3 2 4 3 1 3 181 3 3 4 2 3 2 2 4 173 3 185 198 1 44 2 4 18 3 2 2 3 4 108 25 4 4 110 2 1 4 27 3 2 1 4 4 2 40 4 2 2 3 2 116 187 167 3 3 3 1 2 3 4 4 2 1 2 4 2 190 164 1 3 1 4 4 170 4 4 4 2 2 2 2 3 3 50 156 2 1 3 134 177 3 4 153 3 2 3 1 3 1 2 1 1 3 66 1 65 2 4 4 3 3 2 1 2 2 58 8 2 188 2 1 54 2 2 4 4 122 4 2 1 4 3 147 4 1 1 3 3 48 3 4 3 3 4 3 2 1 4 3 2 4 4 4 1 3 4 1 3 1 14 1 3 3 3 4 4 3 2 2 1 1 4 11 1 2 3 4 2 1 121 1 3 126 3 1 20 2 3 4 3 42 124 2 6 3 2 4 3 4 3 3 4 16 1 154 24 1 1 1 4 4 2 98 1 4 47 1 2 3 2 4 1 3 4 2 197 3 161 43 2 4 1 2 4 3 37 2 2 10 1 4 4 3 2 3 3 3 26 2 3 2 200 105 144 1 3 1 1 3 2 4 1 3 3 1 4 4 1 4 1
