1000 1000
16 16 5 20 16 19 9 4 20 12 1 14 2 5 15 9 17 10 9 14 1 8 6 11 9 14 10 17 2 14 13 16 2 11 10 7 13 2 5 1 3 10 6 17 12 18 2 3 9 3 13 16 1 2 14 11 11 2 11 8 12 19 18 12 19 9 3 7 19 5 15 2 14 2 13 4 4 3 3 13 19 2 11 19 2 6 1 1 20 5 7 2 2 11 4 4 7 3 4 12 18 13 8 14 4 13 4 20 15 15 15 15 16 2 3 3 18 17 5 10 13 18 14 20 4 20 6 8 12 7 17 4 8 8 6 7 15 5 10 8 18 13 7 13 10 20 14 3 16 16 11 18 3 17 9 19 10 8 13 11 8 4 16 15 8 16 8 19 9 4 17 5 3 9 12 6 3 15 14 20 6 7 17 3 1 3 14 9 7 15 15 7 8 11 18 1 16 13 18 20 20 1 10 16 2 18 4 8 8 12 12 2 14 9 7 9 8 19 15 3 9 10 7 7 15 15 9 13 5 5 13 18 15 17 17 11 7 5 14 7 8 14 19 17 8 20 12 17 7 14 7 10 9 10 18 5 1 14 9 13 16 7 18 19 6 6 19 5 11 2 18 15 17 5 11 5 13 18 20 17 7 12 15 18 15 20 19 4 4 19 7 11 4 18 20 7 18 8 4 6 17 10 3 8 16 8 10 18 10 7 3 17 19 1 9 1 19 13 6 13 14 16 7 7 18 8 9 7 14 9 1 1 10 10 1 1 15 11 14 3 12 4 20 6 4 17 16 13 3 17 15 13 2 16 18 17 10 13 20 18 14 12 15 5 10 8 14 4 3 12 19 3 17 4 5 20 13 16 20 11 16 5 9 19 18 13 1 2 11 17 5 3 11 10 5 11 10 12 2 4 4 4 12 6 6 6 11 14 20 8 9 12 15 7 4 12 14 17 17 20 5 11 11 17 13 2 12 12 11 7 17 17 15 16 20 3 5 15 19 6 11 1 16 15 8 5 10 16 9 1 6 3 18 4 5 11 11 17 5 6 5 6 14 3 16 20 19 7 17 11 3 15 3 14 6 18 18 11 2 4 13 5 5 20 4 10 17 8 7 16 2 17 8 14 11 16 13 19 6 13 15 12 12 16 11 5 20 19 17 6 3 16 14 18 18 3 12 13 17 10 4 10 14 10 20 19 18 6 18 9 1 10 7 12 20 9 2 3 10 7 7 12 3 2 5 9 1 4 20 15 8 9 17 16 1 18 1 8 10 20 13 13 16 20 3 13 7 12 19 15 20 4 12 8 13 2 20 13 16 7 16 20 4 20 16 1 2 14 9 5 1 6 20 19 20 4 8 3 6 6 1 17 16 8 10 6 10 18 11 20 14 2 8 18 8 16 1 4 3 15 3 17 13 16 6 11 17 1 17 4 5 13 18 16 11 6 5 7 6 9 13 8 6 11 14 2 3 2 15 4 5 17 16 8 12 14 19 18 3 9 10 10 18 20 5 19 16 5 20 18 6 12 11 16 17 5 15 14 14 6 15 4 8 9 14 19 15 9 18 16 7 14 9 8 17 11 8 6 10 11 17 18 10 16 14 7 15 3 11 3 16 11 12 7 11 6 4 2 1 14 8 11 19 1 14 8 17 14 20 11 14 11 12 2 3 4 10 4 9 10 3 3 9 14 6 18 7 8 2 20 18 5 14 7 6 8 17 16 15 12 4 1 13 5 11 8 18 18 7 2 17 8 17 13 9 1 7 14 9 16 19 16 7 6 16 11 19 15 20 6 2 17 5 17 15 16 18 4 15 18 20 19 16 15 19 1 6 12 6 6 4 6 4 7 20 9 16 3 12 3 12 16 12 13 7 13 20 16 18 10 5 2 12 16 4 14 7 20 8 17 20 16 19 20 6 7 11 17 15 5 17 1 18 6 4 16 9 19 18 15 10 17 11 11 18 6 4 14 15 16 20 16 15 7 16 18 8 4 17 10 3 15 19 15 1 14 7 20 17 7 7 18 3 7 12 12 2 17 18 9 10 4 8 2 4 16 7 8 5 5 10 12 4 14 5 14 2 16 6 13 15 19 1 15 15 3 9 3 15 7 20 11 4 13 19 1 3 17 15 19 9 4 14 16 13 2 4 12 4 6 10 14 3 12 5 16 10 17 1 8 17 14 16 19 8 17 7 7 12 16 1 11 13 20 1 7 16 9 9 8 9 15 7 19 16 19 19 10 5 18 4 5 13 9 3 11 3 1 13 9
220 16 20 359 14 214 20 13 12 307 168 4 2 4 19 365 20 11 11 8 20 321 12 127 228 19 120 7 334 268 1 5 368 239 331 9 42 19 2 2 413 17 2 70 12 17 189 348 16 7 311 17 12 5 16 272 150 116 207 347 8 3 11 325 221 50 204 248 19 7 324 17 11 8 14 4 350 6 149 7 247 8 1 3 9 17 15 366 17 11 274 288 18 18 10 6 10 4 341 123 271 367 14 1 233 13 18 4 20 71 15 13 172 37 18 250 18 10 7 376 74 14 45 173 395 187 7 10 338 229 12 102 11 8 54 165 4 384 16 4 12 103 206 7 3 14 82 61 146 156 281 234 16 19 389 1 20 121 12 151 4 152 15 3 13 9 13 276 20 218 3 287 6 4 8 10 3 251 14 18 7 382 17 19 20 5 11 18 313 15 167 145 13 256 385 312 134 364 20 19 263 13 101 6 1 227 15 13 13 6 292 25 15 8 46 11 72 12 405 7 12 12 235 148 20 20 13 163 265 399 20 57 4 10 9 15 19 109 6 84 289 333 20 17 197 129 222 374 1 18 238 8 1 15 192 417 14 147 131 6 3 242 15 392 157 5 16 15 8 11 13 223 161 9 166 245 10 4 18 179 20 7 17 7 114 418 306 213 300 2 10 296 2 416 125 12 15 63 351 4 196 6 85 4 337 5 174 13 17 34 55 211 5 236 199 160 11 3 19 2 9 11 4 10 78 20 208 380 18 33 20 59 332 35 278 12 5 20 16 6 6 1 259 387 11 269 8 15 16 155 68 60 14 16 18 3 203 8 6 4 2 13 254 15 16 16 419 10 7 10 261 159 3 17 4 73 13 415 15 8 11 16 8 93 44 17 7 11 77 3 12 19 193 6 339 3 298 185 8 7 336 346 252 17 11 11 180 142 5 13 8 18 257 11 16 4 4 18 51 17 305 144 91 7 3 397 340 378 20 7 277 8 17 17 7 6 358 4 21 11 1 3 7 390 17 22 355 18 164 11 10 15 363 105 16 107 16 15 133 6 394 381 6 362 314 7 16 18 224 16 10 113 18 11 388 28 23 3 2 5 1 16 9 16 191 16 49 5 19 7 141 16 335 94 205 6 353 143 310 6 240 20 1 270 52 14 15 7 17 342 29 5 16 13 7 18 3 217 9 4 19 79 16 9 8 7 12 181 275 128 18 56 8 361 210 12 15 17 8 92 5 226 18 253 372 10 1 14 6 7 17 9 14 8 14 7 299 62 16 132 104 19 323 8 9 10 20 14 39 7 16 19 169 17 14 124 110 1 16 241 154 4 219 315 414 318 4 398 4 356 8 371 16 316 17 401 12 317 18 4 6 2 16 19 40 14 16 136 408 14 83 322 343 2 349 106 20 11 297 16 6 17 66 11 140 14 255 4 38 246 266 420 19 2 411 36 111 11 244 138 386 76 407 43 5 13 16 9 1 100 1 170 294 10 237 11 13 2 11 3 286 279 1 14 15 8 5 8 3 308 10 7 15 1 19 13 20 115 175 20 7 12 15 373 16 16 11 17 11 5 319 86 9 1 396 249 18 201 17 88 47 13 20 369 13 5 8 117 215 3 302 13 9 5 14 177 402 119 19 13 4 9 3 360 4 8 5 15 17 6 406 13 304 301 19 9 18 17 14 31 53 285 7 41 2 7 3 27 183 7 9 6 2 243 14 11 11 190 198 283 18 3 16 404 345 14 17 3 16 344 1 16 17 15 130 16 69 20 58 17 65 14 15 3 10 64 12 8 2 96 80 12 2 18 90 10 15 3 18 209 16 20 18 18 14 6 10 9 19 280 7 16 9 15 232 184 186 3 8 4 26 354 370 7 14 18 409 6 284 330 264 231 137 11 15 12 8 171 352 17 4 11 12 10 17 18 11 328 17 14 303 9 320 4 1 14 12 20 7 295 139 327 290 4 410 200 20 14 10 178 282 1 4 176 267 15 2 99 13 16 108 14 4 182 3 89 162 98 2 5 5 3 15 393 18 10 16 112 377 5 1 10 9 4 20 12 12 5 9 6 20 67 7 11 326 8 188 212 7 2 1 87 9 12 400 202 19 10 9 12 262 15 258 17 8 15 24 30 95 6 2 379 391 20 122 357 126 13 81 8 19 14 6 225 10 32 412 7 9 5 309 11 14 17 375 118 13 13 14 195 291 135 2 9 18 4 97 18 18 194 329 4 11 273 293 17 2 216 4 403 75 260 19 16 158 383 48 153 2 230
1000 1000
1 7 20 2 2 20 17 11 8 10 17 16 7 2 7 11 1 2 15 13 14 17 15 6 13 9 16 6 3 3 8 17 10 14 4 11 16 8 2 16 2 11 18 16 4 12 10 4 11 7 10 15 8 16 8 18 8 4 20 4 4 12 6 10 4 13 20 7 11 11 13 8 3 19 9 16 19 19 16 6 14 15 15 6 4 9 5 10 18 19 1 11 8 13 2 9 20 3 11 15 15 1 2 20 13 8 12 4 18 13 16 12 14 17 15 14 7 1 3 20 11 10 20 3 16 17 15 19 20 20 17 19 9 11 12 2 16 9 13 11 10 8 15 13 20 14 16 8 13 10 20 2 14 5 5 10 1 15 3 14 3 14 12 17 14 17 5 16 8 20 8 1 7 5 13 12 10 4 5 1 15 10 20 14 10 11 7 20 5 13 14 13 4 3 3 2 9 5 6 15 16 12 1 4 4 18 4 20 16 18 7 6 9 19 6 18 20 10 8 7 6 7 6 8 17 11 16 11 20 8 9 12 11 10 18 4 4 12 18 11 15 2 14 3 5 3 17 2 14 16 14 2 2 19 15 3 16 7 20 3 4 5 12 14 12 18 13 2 3 19 6 17 6 16 10 13 13 7 2 12 7 5 14 3 14 5 11 9 18 20 9 11 13 10 9 18 2 4 12 19 20 15 2 4 2 2 13 17 11 2 20 13 10 3 6 14 4 4 20 5 16 13 18 3 5 7 10 2 2 11 2 6 14 8 10 19 3 4 13 17 11 12 12 20 7 2 16 9 20 13 2 10 16 19 2 19 20 19 20 2 14 11 9 9 13 13 12 1 13 18 16 5 13 4 11 9 2 12 1 17 4 8 15 11 10 19 19 10 20 2 4 9 19 6 1 6 16 7 14 2 17 19 3 17 9 20 15 1 5 16 8 13 6 17 4 14 6 2 8 5 17 5 6 14 1 4 9 10 3 10 4 16 3 12 17 17 18 10 20 20 2 17 16 19 17 8 17 6 16 4 13 3 12 13 20 8 18 12 20 10 10 14 13 12 5 2 13 3 19 19 7 9 16 15 12 5 12 1 2 17 10 13 3 6 18 9 6 6 20 18 15 2 19 8 11 4 17 15 17 7 5 10 14 3 12 5 4 8 1 3 14 17 6 2 15 20 17 17 16 3 9 3 9 20 17 14 1 4 17 11 15 6 13 11 16 20 18 16 11 8 8 9 13 11 6 10 8 9 3 11 12 8 13 17 19 12 10 1 14 1 8 16 13 3 18 6 8 12 11 3 20 10 9 4 20 13 18 4 18 1 16 2 12 17 10 9 7 3 1 3 3 12 5 8 10 16 2 14 20 17 2 18 20 11 3 9 5 11 15 3 8 19 3 14 19 15 1 9 8 3 4 9 19 4 12 2 5 14 15 6 1 13 6 10 11 15 6 1 15 10 2 16 17 9 3 7 8 12 10 18 15 18 6 19 11 16 4 4 11 8 6 15 4 11 10 1 15 1 4 5 20 13 19 2 2 1 6 5 1 17 12 19 4 13 19 3 7 14 6 18 15 13 19 13 6 2 3 8 17 4 7 9 18 10 13 8 16 11 7 11 17 19 1 1 6 15 11 3 15 5 5 10 11 14 3 18 20 8 11 10 8 13 11 12 10 13 6 11 3 10 8 14 6 12 3 1 6 3 9 8 12 20 3 10 6 6 3 2 6 20 7 5 14 7 10 15 6 8 12 8 20 14 2 15 18 16 9 2 20 8 19 15 19 4 2 9 20 16 17 18 17 7 1 4 15 10 18 16 11 19 10 9 2 15 11 11 6 3 13 20 17 4 18 10 20 13 12 3 3 13 19 13 19 13 11 4 1 11 9 8 4 13 9 1 11 7 12 5 10 17 4 5 11 17 6 9 3 19 9 17 11 12 17 2 16 18 6 1 2 17 20 20 19 13 10 9 13 9 7 8 11 12 17 9 11 11 13 3 7 3 11 7 18 4 7 17 12 13 14 11 12 5 2 10 8 11 7 2 5 17 10 17 20 5 15 13 7 7 11 17 6 19 15 12 11 4 20 6 12 4 20 1 6 17 18 6 17 9 20 20 17 14 19 2 5 6 16 2 8 7 7 9 15 10 7 20 20 12 12 2 8 11 7 5 4 16 7 1 15 19 20 14 9 16 3 10 13 10 20 6 1 6 10 17 11 1 14 8 11 12 2 16 8 14 17 17 1 7 3 15 13 18 8 20 1 18 6 3 6 16
16 12 9 377 17 105 252 19 12 13 11 85 3 115 18 19 132 1 13 219 386 5 213 6 351 6 326 392 17 17 17 19 4 17 250 12 322 302 16 2 4 283 17 9 20 13 327 14 2 22 10 4 1 1 323 11 140 384 396 15 354 3 205 13 4 16 28 37 14 2 20 8 3 13 20 1 170 12 17 15 2 3 71 124 1 6 380 183 240 287 63 299 346 313 217 13 164 288 16 280 10 415 340 2 7 12 4 12 3 138 15 9 27 312 16 253 20 200 8 362 12 18 13 2 20 62 14 16 10 245 36 7 5 369 2 1 16 8 13 17 417 231 234 1 214 131 3 357 17 14 16 5 20 3 3 407 135 3 7 8 11 19 289 12 358 32 17 292 8 9 11 19 89 6 4 274 128 17 24 381 319 4 2 315 14 9 13 11 7 6 20 10 17 2 263 19 8 310 5 150 14 18 5 291 52 20 2 206 2 6 2 390 259 12 4 349 3 30 3 4 9 33 10 389 1 232 285 3 10 18 10 11 146 225 11 17 147 11 51 6 3 3 286 14 207 338 14 17 114 15 1 5 1 11 7 1 10 185 17 370 387 13 16 11 193 8 6 18 9 130 1 279 267 265 145 3 20 10 15 8 6 15 17 329 388 197 368 6 13 19 325 13 7 113 6 300 12 13 91 13 224 18 18 10 222 3 11 17 10 10 209 8 268 295 11 10 111 401 15 55 15 5 12 6 334 282 363 4 13 18 399 20 7 220 189 50 277 290 11 15 21 18 350 3 10 8 414 393 9 341 2 4 13 13 7 6 9 11 9 7 331 1 15 7 18 43 148 15 7 411 9 311 2 74 284 8 188 7 15 97 413 1 14 373 196 367 13 6 2 158 181 5 13 142 309 10 17 98 270 94 2 1 154 8 208 159 14 7 11 16 202 251 229 9 16 29 11 335 13 6 3 7 13 1 11 152 4 80 305 1 10 5 9 400 136 352 3 84 4 330 17 26 59 192 54 172 8 45 70 255 6 13 6 17 165 262 337 108 4 38 68 17 8 356 19 16 230 15 19 348 17 11 3 20 139 242 11 241 244 42 100 10 2 118 173 19 66 5 16 195 90 19 294 10 11 8 163 9 12 6 20 339 6 278 12 378 20 4 1 406 10 12 20 92 16 178 25 3 13 221 179 5 6 275 40 3 336 96 17 5 410 116 20 14 3 266 418 14 11 14 6 194 198 391 4 2 11 144 5 10 123 14 13 20 4 10 3 166 4 18 20 5 19 3 101 1 359 365 11 14 20 15 13 1 3 374 15 249 1 318 16 11 1 12 48 6 17 16 402 372 72 10 4 4 12 4 237 258 107 269 375 11 324 17 60 7 398 11 7 9 6 11 2 3 226 10 13 298 46 169 8 11 18 345 9 8 8 248 5 15 13 19 87 16 6 2 316 12 2 149 16 383 184 16 18 13 20 177 83 303 4 11 19 7 14 95 16 156 20 17 17 218 18 125 2 8 18 256 5 6 191 20 79 161 3 216 20 15 10 12 7 293 3 273 19 11 127 233 9 17 82 20 20 104 57 19 8 6 44 15 307 260 333 13 19 102 20 9 5 174 9 39 257 201 6 18 360 15 8 1 7 17 10 5 8 64 23 13 16 69 16 81 9 7 76 14 18 276 14 361 332 15 6 2 7 10 73 75 235 376 41 126 2 18 238 20 5 129 6 5 14 109 3 16 8 137 121 9 405 211 4 19 11 16 3 13 6 297 18 419 344 342 18 180 133 20 5 31 134 364 223 1 12 20 2 320 151 2 112 12 3 16 17 281 3 18 7 412 4 272 187 182 13 12 15 14 6 239 385 19 6 10 122 10 15 12 382 9 99 261 20 17 119 18 4 17 210 35 308 65 247 4 7 10 314 176 404 17 11 19 13 296 141 58 12 6 3 7 103 15 67 4 17 34 78 5 371 14 143 227 397 306 243 379 1 15 8 264 203 17 11 9 20 10 15 20 117 86 301 18 20 4 321 394 93 3 190 175 215 2 88 3 7 11 49 20 153 366 1 199 16 3 15 2 20 236 11 19 77 6 347 355 61 9 408 246 13 4 353 56 395 4 20 9 12 15 10 9 2 2 8 2 106 2 6 304 186 14 17 409 3 7 403 8 328 416 17 17 4 8 228 13 157 17 47 11 20 317 15 11 1 11 12 162 8 7 167 343 420 1 212 10 53 155 11 271 19 120 160 13 9 10 2 254 171 6 16 168 204 110
1000 1000
16 3 14 12 3 2 15 9 18 8 14 8 1 18 18 7 18 14 9 4 8 16 10 6 20 6 1 20 2 13 6 15 20 9 11 10 17 18 2 20 2 6 11 1 15 11 10 9 11 20 10 17 17 16 17 5 14 6 1 2 6 12 1 13 2 10 3 20 20 16 17 6 13 1 15 17 4 7 14 17 7 6 16 12 5 10 15 3 13 17 20 2 1 17 12 1 4 13 9 4 16 12 17 13 14 16 2 2 5 4 5 14 1 6 20 15 10 9 19 14 19 7 11 20 3 13 6 17 14 11 18 19 8 7 19 12 4 20 14 1 19 18 18 11 1 15 19 10 14 9 9 18 3 8 13 6 4 16 18 18 3 3 18 7 15 11 4 6 9 6 8 1 12 9 13 6 11 10 8 9 14 10 16 5 8 4 3 8 3 9 15 19 20 6 12 16 9 16 4 4 18 11 1 12 5 14 17 1 19 4 11 7 9 3 16 3 11 2 20 8 3 4 12 12 12 19 12 6 18 8 8 3 9 9 2 2 14 20 19 13 9 17 14 6 14 8 3 13 13 5 1 7 15 14 19 16 10 10 11 10 6 4 16 14 19 14 20 17 2 16 5 1 20 3 19 3 10 14 9 20 8 5 14 15 16 3 16 2 7 1 9 12 11 13 19 2 20 1 7 8 4 19 11 18 18 18 4 9 12 4 9 5 18 5 4 17 19 4 5 1 17 10 18 17 13 10 16 6 14 11 13 5 13 13 4 16 11 17 10 3 12 2 18 18 5 6 1 20 6 17 14 6 2 5 3 16 11 19 14 4 9 4 7 15 2 16 10 10 9 8 10 18 11 1 16 2 11 12 18 12 7 18 11 16 8 13 17 1 20 2 2 1 18 13 17 7 16 6 4 2 1 3 18 15 11 8 7 16 12 2 9 1 15 10 20 6 12 1 19 8 11 17 20 12 10 19 20 15 17 16 19 16 12 4 18 11 9 3 19 10 18 4 15 13 18 3 4 19 4 16 6 2 14 1 4 17 3 18 7 11 6 13 17 17 6 2 15 18 3 14 11 11 5 18 8 13 20 17 4 4 13 11 10 6 7 3 15 7 1 6 12 7 13 10 4 8 6 17 13 8 18 9 17 3 7 3 8 2 15 20 10 10 12 11 9 2 2 9 18 9 1 4 3 9 13 13 9 9 4 15 3 11 5 3 3 13 11 6 7 14 19 4 19 4 19 7 17 20 7 4 8 2 10 14 3 17 17 6 7 9 19 11 7 12 16 3 2 14 14 17 5 13 10 4 11 1 20 14 2 10 2 6 18 5 11 3 4 7 16 8 11 14 13 9 9 15 13 5 3 20 11 5 16 15 14 17 7 20 13 14 19 14 1 6 11 9 15 8 16 3 6 1 14 12 6 18 2 14 14 2 13 12 20 4 17 13 9 12 5 11 6 14 18 10 10 3 18 19 11 8 2 4 4 17 12 16 15 2 15 12 15 1 20 2 1 4 8 5 11 14 8 18 5 8 2 3 17 8 11 1 7 11 9 19 15 7 9 13 2 8 16 6 7 7 2 2 1 12 12 5 15 15 14 1 19 12 7 20 11 5 20 10 9 11 3 3 18 14 19 12 6 2 16 6 4 6 11 9 4 6 20 2 18 17 7 17 20 3 7 3 3 3 2 6 15 10 20 16 7 17 18 11 4 1 19 16 6 12 2 4 7 18 2 20 4 20 1 1 10 17 9 17 9 2 5 14 6 4 2 1 1 4 1 7 13 16 10 4 12 1 20 4 16 2 12 6 12 1 5 10 6 9 13 10 5 19 2 18 4 17 14 18 4 9 3 8 9 4 12 11 16 3 17 8 4 16 2 11 7 17 6 18 9 16 18 19 17 8 20 19 4 18 1 9 11 3 2 19 11 12 3 19 12 10 16 10 12 16 2 10 20 3 10 4 15 19 9 6 20 10 9 16 13 3 10 18 19 10 19 20 7 18 5 6 18 13 11 3 6 6 13 5 2 11 7 18 5 13 14 1 7 15 18 18 4 19 15 4 14 17 17 3 12 1 17 8 2 7 2 8 3 9 4 7 10 6 19 14 2 2 20 15 9 4 12 3 8 8 20 1 15 17 15 12 13 19 15 14 8 15 10 3 7 3 20 19 15 11 2 3 7 19 6 7 10 14 9 19 14 13 7 5 19 17 5 17 20 3 10 12 14 19 4 1 18 18 17 20 18 17 10 6 18 7 11 20 1 20 10 9
321 296 89 125 3 412 17 143 254 15 20 265 7 300 12 82 83 10 278 20 3 19 2 10 19 42 6 4 176 252 14 79 19 285 400 19 259 2 221 2 7 9 10 100 19 3 11 18 2 8 189 4 14 16 134 133 3 401 27 2 19 159 60 356 409 11 5 10 20 3 17 417 163 331 17 16 19 169 153 66 3 6 112 55 352 18 12 11 9 15 212 3 18 110 71 20 366 223 11 17 18 15 141 17 18 235 279 18 16 3 209 13 413 5 166 383 262 1 208 7 374 3 7 5 3 6 20 20 230 74 39 193 33 9 11 186 59 16 370 12 12 345 202 17 13 282 18 11 12 1 174 7 5 57 218 3 20 11 5 46 6 20 4 8 1 11 7 328 149 80 414 171 12 15 4 364 4 6 105 261 108 160 14 10 4 4 17 9 295 309 7 18 294 10 11 22 12 11 318 182 111 91 5 12 225 3 3 11 5 344 211 32 9 293 332 19 20 322 6 388 18 395 17 151 5 227 35 12 15 16 371 12 7 90 175 11 2 12 9 75 6 286 14 109 2 2 184 9 12 72 70 9 6 9 204 3 41 369 164 63 4 13 2 14 13 18 19 12 194 10 23 315 3 384 4 126 1 9 16 263 2 281 4 11 18 138 242 15 329 6 15 10 250 40 129 275 86 12 179 9 4 403 48 319 77 12 20 17 188 12 10 5 9 7 14 290 116 19 183 4 19 6 1 155 353 14 4 2 217 5 139 135 334 7 367 14 197 222 7 17 124 92 6 15 418 196 17 131 12 9 7 31 58 20 297 18 228 20 62 232 407 152 36 28 16 8 16 379 5 276 10 317 333 11 2 16 260 307 5 2 119 2 16 264 69 14 238 13 15 14 8 25 2 1 15 5 5 20 10 358 335 18 7 6 393 78 12 255 56 128 8 410 10 14 7 237 6 2 349 11 277 338 243 1 17 347 18 15 11 150 8 61 311 38 239 3 9 411 1 8 3 18 9 9 185 14 12 11 5 16 323 20 19 14 20 386 394 2 3 404 8 4 419 361 220 7 339 68 9 11 6 1 11 144 13 16 17 10 9 6 10 114 4 8 16 11 251 14 246 18 6 93 2 287 19 5 5 402 415 130 12 13 12 4 231 9 18 1 101 147 19 253 180 9 16 5 15 15 301 1 172 103 10 29 4 19 145 284 1 17 19 18 11 360 1 316 2 5 98 9 4 11 157 15 168 10 94 20 244 20 30 249 5 10 3 17 203 16 291 399 19 7 226 137 12 15 8 206 14 266 9 357 351 18 127 11 390 256 26 17 340 219 6 9 18 19 268 19 241 3 18 16 9 14 140 13 20 341 6 11 420 2 17 17 391 18 387 4 233 17 205 19 7 12 3 16 224 299 382 54 18 16 4 10 10 19 12 20 4 6 37 10 14 326 9 187 14 2 207 330 11 99 19 392 6 9 18 18 405 154 240 229 18 325 215 304 305 18 2 4 14 236 16 406 362 170 312 161 14 10 12 6 2 380 7 13 16 15 173 2 14 283 14 363 85 378 6 13 308 302 257 51 132 14 343 2 397 20 389 1 95 398 165 15 258 4 17 14 1 13 117 17 354 12 15 2 199 14 11 336 136 216 19 2 16 107 142 272 2 4 13 15 76 3 7 167 10 12 195 13 245 11 64 16 292 368 4 372 43 342 3 73 11 1 13 15 12 11 10 348 102 190 19 18 1 396 115 248 247 376 234 24 10 34 313 6 12 214 19 7 280 310 18 7 8 381 4 5 18 20 49 17 19 273 4 269 18 122 20 10 17 14 18 14 289 11 346 121 10 18 11 4 192 191 8 14 373 355 9 16 21 6 13 3 18 19 3 11 3 7 3 14 52 6 7 375 10 10 7 16 350 177 5 113 12 10 44 2 337 87 11 14 201 15 88 8 298 18 156 2 6 18 16 18 6 104 118 16 20 198 8 10 19 47 20 123 6 327 4 200 271 18 2 16 6 7 17 13 16 6 10 3 270 20 13 3 120 8 288 8 17 1 377 16 16 146 148 17 15 213 320 15 16 2 18 2 1 1 416 4 158 81 4 8 267 6 365 16 303 8 2 15 65 17 18 306 324 13 97 408 3 162 7 14 5 8 359 178 6 1 50 106 4 5 13 10 4 2 2 84 1 18 3 385 3 3 10 96 67 1 274 314 13 2 20 3 6 18 12 8 181 15 13 3 20 18 11 11 210 19 16 45 4 53 13 13 15 4 19 10
1000 1000
7 11 5 19 2 3 17 17 17 18 1 3 18 11 19 8 7 20 5 16 4 8 2 8 16 6 12 1 9 19 15 9 10 8 7 8 9 17 12 18 18 9 19 8 9 7 12 16 15 2 20 5 7 2 15 19 14 9 9 3 15 11 9 16 4 13 5 5 11 4 7 7 2 14 20 3 17 9 5 14 10 5 8 11 5 19 20 9 17 2 16 16 12 6 17 7 15 7 10 9 15 13 20 11 19 2 4 5 2 8 12 7 18 18 6 6 2 13 7 9 15 6 9 3 11 17 8 9 16 10 13 12 8 3 16 13 20 15 5 1 9 12 11 1 8 10 3 3 4 10 17 4 14 11 3 13 2 15 4 18 5 18 19 6 2 7 2 8 11 7 16 5 16 6 15 9 15 13 12 19 17 1 4 17 6 5 12 6 11 19 19 20 16 12 12 2 20 4 3 17 14 13 9 9 6 12 1 18 6 2 3 19 6 13 5 18 7 10 9 4 7 19 3 9 8 5 1 16 17 19 11 20 10 18 17 18 18 15 13 20 9 9 3 5 5 18 13 17 15 15 16 8 17 15 4 9 10 3 10 14 6 20 12 16 20 11 3 11 20 13 13 13 2 20 15 4 17 13 6 2 2 17 5 2 1 11 11 14 6 4 17 18 2 8 9 20 2 12 9 15 20 12 17 6 5 9 15 10 10 7 7 3 11 9 18 9 5 9 10 20 1 16 4 4 18 20 14 6 13 8 20 15 3 13 10 9 14 5 16 3 16 13 3 17 11 1 1 12 5 5 19 6 10 15 2 11 19 18 8 9 12 11 3 18 16 13 15 14 14 13 1 12 14 4 5 14 10 3 6 11 8 15 19 5 16 13 2 8 13 4 12 7 10 16 9 9 15 6 15 19 7 4 10 16 9 3 17 19 10 7 16 2 14 8 7 3 15 9 3 8 14 19 20 3 12 11 18 16 11 9 19 12 8 17 4 20 9 13 7 18 19 7 6 17 13 13 4 6 12 8 3 3 3 2 18 16 10 3 3 3 18 15 15 4 5 13 8 20 6 7 4 9 16 4 8 11 14 7 7 9 2 6 18 1 17 16 3 20 4 16 9 5 12 7 4 7 8 15 5 2 18 9 3 17 13 11 18 17 18 12 6 11 6 2 5 11 13 12 16 7 7 1 6 7 14 19 12 8 18 5 17 16 3 2 6 16 14 3 8 11 17 8 16 3 2 16 16 5 9 6 10 13 16 15 1 2 15 18 9 4 13 13 19 4 10 11 4 12 18 14 2 8 8 18 20 18 17 12 15 15 6 2 9 18 14 6 3 7 9 18 14 20 12 13 13 5 8 1 10 2 5 10 14 18 13 8 12 11 11 19 12 3 2 6 4 1 18 10 9 5 12 5 13 20 5 6 18 8 14 7 15 10 14 8 18 10 15 6 19 20 17 9 1 19 11 20 5 19 12 5 13 19 17 17 20 5 13 9 15 11 4 8 18 18 8 12 7 17 14 9 5 20 12 9 6 11 20 7 20 20 5 19 20 9 20 13 16 2 1 12 2 17 11 5 14 5 20 12 14 18 9 18 17 4 4 6 14 9 8 18 1 16 5 19 1 10 10 18 16 3 19 4 1 3 15 20 4 5 11 20 17 4 12 15 16 3 2 19 8 4 14 13 5 9 12 10 6 15 20 20 5 10 16 6 7 11 1 5 9 13 19 15 5 5 8 1 19 12 4 19 20 6 12 20 2 6 19 16 3 13 18 19 12 20 2 2 10 18 10 7 16 5 20 6 12 3 6 2 2 8 1 14 7 15 8 10 3 16 8 18 8 12 5 2 8 13 5 13 4 16 5 6 18 8 11 18 14 1 3 5 4 4 19 10 8 15 1 14 2 14 16 4 3 12 3 14 20 3 5 13 9 15 3 2 5 18 3 5 3 18 6 19 14 16 6 5 15 18 14 1 5 15 7 15 7 7 13 4 18 19 9 11 2 16 16 18 8 10 14 13 15 5 8 13 18 14 17 20 13 10 6 17 16 4 9 20 4 9 9 17 7 1 18 3 5 3 11 5 20 10 3 5 14 9 3 2 1 5 12 5 12 8 1 15 10 6 9 5 3 9 4 19 12 9 3 20 3 15 1 10 13 9 19 7 7 20 12 5 1 10 4 20 16 18 11 4 2 8 4 19 16 10 13 5 7 9 3 10 2 15 15 1 4 20 8 3 19 8 8 6 5 11 2 18 18 17 18 15 15 19
7 18 20 5 391 16 6 16 319 3 4 111 416 284 69 368 11 13 17 17 308 16 5 184 10 256 9 9 156 6 72 8 7 398 4 2 10 302 190 3 15 19 338 42 11 1 19 4 339 1 11 18 3 12 212 328 318 16 381 197 8 5 282 213 5 12 4 175 15 73 15 225 146 11 9 11 203 323 406 9 251 370 234 10 7 7 20 266 7 336 8 13 8 298 45 167 9 261 20 17 18 11 296 7 13 6 13 140 26 14 15 13 240 17 10 160 9 12 180 15 18 3 10 322 5 16 18 18 19 36 365 3 404 198 8 18 61 232 14 9 29 9 1 6 8 9 11 161 354 155 275 8 297 7 12 20 3 14 359 16 7 18 9 5 16 277 19 352 2 3 103 16 4 14 9 401 9 9 2 3 114 17 20 6 154 5 14 10 304 14 4 19 12 9 13 13 7 11 11 91 17 17 15 270 5 9 12 236 268 351 14 3 387 12 195 3 5 13 346 2 1 9 3 3 246 4 274 3 15 127 3 96 263 5 98 13 8 3 7 150 2 8 199 11 13 3 11 294 405 5 13 20 113 6 4 254 13 4 76 16 9 7 17 19 163 15 152 131 2 19 166 358 7 11 9 11 12 9 1 253 227 214 6 295 120 16 410 14 10 16 333 4 18 1 19 20 9 172 356 20 18 6 18 3 395 33 13 63 6 11 9 18 110 14 2 128 278 408 6 182 384 101 8 250 247 11 5 22 14 402 409 16 335 321 5 115 15 7 10 8 12 16 233 16 241 139 19 11 345 392 105 8 7 18 12 238 7 100 17 307 4 5 4 8 15 9 188 1 11 19 173 85 7 176 17 16 267 59 413 330 144 13 273 219 7 3 276 41 5 18 11 222 355 4 12 2 196 1 71 4 16 138 5 281 4 6 4 13 17 1 17 310 30 209 5 205 66 9 107 17 157 16 6 13 325 18 16 15 334 374 9 361 6 19 24 5 257 20 1 221 18 18 5 249 18 10 189 14 8 332 10 3 265 210 8 15 2 10 12 206 12 13 18 20 90 2 6 305 15 3 13 165 9 20 5 104 271 292 81 12 2 170 258 194 226 40 317 367 223 14 15 12 300 245 376 109 14 383 2 9 17 303 20 269 20 2 3 11 290 112 14 2 4 2 15 248 7 394 12 179 262 217 19 11 202 7 15 10 388 15 178 6 8 15 17 4 8 9 62 83 237 10 10 137 363 20 18 17 373 285 7 17 82 337 341 5 200 148 18 119 389 75 8 20 54 12 169 15 116 19 316 6 6 134 67 78 51 8 418 229 378 5 192 9 11 5 17 342 5 3 171 10 20 15 2 1 11 11 14 16 4 218 2 38 312 15 215 372 20 68 327 17 8 92 18 231 8 99 2 4 19 13 149 12 28 4 16 207 5 20 19 415 11 7 57 191 3 366 15 132 311 11 18 420 18 118 52 56 8 6 393 13 6 10 9 84 13 177 14 158 3 12 6 86 283 4 288 6 19 6 55 13 7 12 386 10 7 331 142 5 1 12 2 11 7 5 10 183 15 12 16 89 18 301 3 8 18 353 168 9 20 5 10 20 18 299 252 17 15 10 1 259 280 49 4 320 6 53 2 243 3 19 3 1 126 18 407 15 16 20 255 19 47 20 14 204 185 7 379 6 15 136 12 390 2 17 2 4 16 20 412 13 291 16 230 15 2 5 186 129 106 1 20 14 193 20 11 31 88 12 4 50 3 18 19 16 48 10 125 15 6 25 19 80 326 16 14 44 235 27 13 15 6 4 9 13 17 10 133 9 313 15 130 314 108 13 18 4 10 18 8 403 6 162 4 201 260 17 147 18 8 6 34 58 6 19 117 18 9 228 37 4 9 396 324 419 17 12 18 19 5 417 43 11 18 12 102 397 15 7 329 309 77 39 242 70 123 20 23 18 46 9 35 5 224 272 5 93 18 293 9 343 4 377 211 414 16 2 1 375 239 385 143 347 348 6 12 21 400 362 315 1 357 1 287 7 399 7 97 369 18 1 9 15 1 5 181 286 3 159 3 121 65 74 13 20 60 216 8 349 220 20 5 360 411 279 94 371 2 6 122 13 344 14 13 19 4 289 20 11 17 13 16 124 153 340 3 5 5 1 151 20 87 10 64 264 187 7 16 8 145 1 17 2 9 13 4 2 19 95 141 13 174 11 8 10 3 3 6 15 380 20 79 14 3 244 16 164 11 208 306 2 17 135 5 364 9 32 382 350
1000 1000
2 13 1 5 19 9 10 19 18 7 15 6 19 14 16 12 20 17 12 1 14 4 8 16 3 19 18 15 4 16 9 13 14 13 7 14 17 15 3 4 4 5 14 14 11 13 18 10 2 19 3 18 6 15 9 17 5 16 20 1 18 3 2 17 16 11 11 16 4 6 10 5 20 4 7 13 2 18 9 1 15 17 20 13 16 5 1 3 6 12 2 6 3 8 8 2 4 7 1 2 15 8 20 15 14 16 6 19 14 9 10 16 12 6 16 15 14 12 15 9 14 8 5 7 20 9 13 14 20 11 7 4 19 2 12 16 15 15 18 14 9 19 1 19 6 18 10 8 10 17 15 9 5 6 6 16 11 15 9 12 5 1 1 19 20 20 1 2 18 14 14 6 2 16 18 12 10 3 20 14 8 8 2 16 7 14 19 20 20 12 14 20 16 3 4 14 9 15 12 12 8 10 1 11 19 17 4 7 2 3 6 9 5 17 18 11 20 13 5 11 6 7 1 5 20 13 2 14 16 19 8 17 1 17 9 2 12 17 9 8 13 2 14 4 3 14 9 20 14 5 1 12 18 2 9 19 7 12 7 13 8 5 10 2 11 3 19 16 6 10 7 19 4 13 11 11 3 16 14 3 18 10 17 17 12 15 11 2 6 5 15 15 12 7 9 14 1 17 3 20 6 18 19 6 12 18 18 10 1 7 5 9 3 16 18 17 1 17 9 16 8 9 12 13 13 14 10 3 13 14 3 1 9 7 1 12 9 20 16 2 6 16 7 2 2 15 9 17 15 9 1 14 5 5 7 18 18 5 5 10 12 20 11 10 3 3 7 18 16 13 12 3 17 1 4 17 19 16 1 14 9 16 3 18 16 16 10 10 13 12 4 3 9 11 3 18 16 4 12 7 12 12 13 14 2 5 10 11 18 4 11 5 4 11 3 12 5 13 3 9 2 7 16 5 11 11 18 9 3 8 4 20 13 19 7 11 8 13 13 13 8 1 13 4 2 17 16 9 20 1 15 3 12 14 1 9 12 15 11 13 17 2 12 14 1 13 9 1 17 3 19 4 20 8 5 19 9 3 4 4 16 12 17 17 13 8 14 18 14 10 18 5 6 15 20 19 14 17 17 17 10 9 18 6 2 18 4 2 16 7 12 12 12 20 16 12 2 11 17 2 19 12 6 16 17 13 9 2 11 17 14 4 11 20 18 8 15 19 18 10 12 3 19 5 10 18 17 1 7 11 8 11 14 16 13 11 17 6 7 20 16 17 10 17 2 13 11 2 4 10 18 20 11 17 6 11 15 2 5 12 16 15 7 8 19 17 13 15 4 1 1 4 11 14 7 8 17 8 14 12 10 7 6 8 11 9 16 17 3 19 1 3 12 7 13 20 9 3 4 13 20 16 12 10 12 8 2 8 3 6 4 9 3 18 5 6 7 7 8 13 10 18 14 17 14 19 20 3 6 12 15 12 4 15 10 19 17 7 4 13 11 19 16 4 19 8 19 18 19 7 5 16 20 14 1 15 1 13 4 7 16 12 13 18 7 16 4 14 6 10 20 18 10 7 9 7 8 5 2 1 20 15 20 13 9 20 2 3 18 13 17 11 14 11 2 14 15 19 13 5 7 9 1 15 9 18 12 15 4 6 3 15 1 2 9 1 9 11 8 18 13 6 2 10 6 11 9 13 13 3 11 2 2 18 5 1 15 16 6 18 17 5 2 12 9 20 12 10 14 1 20 19 14 12 16 8 10 17 20 5 20 18 6 1 14 2 7 11 20 3 3 3 6 8 17 6 18 6 17 13 12 7 1 6 14 14 16 12 10 19 16 8 5 17 16 9 13 12 9 16 8 1 20 4 11 19 11 8 7 13 13 12 8 19 7 8 7 14 13 1 2 13 12 2 15 4 7 6 11 9 20 10 3 5 12 10 5 20 1 13 19 17 8 13 8 18 8 20 18 13 20 20 11 18 2 4 19 11 2 1 11 14 15 13 6 17 19 15 6 4 9 5 4 18 4 17 19 6 14 10 10 18 18 3 11 20 3 16 20 9 7 2 4 20 10 18 3 1 15 16 1 14 6 3 2 5 5 15 9 15 9 8 11 8 8 16 13 3 18 13 3 14 19 14 17 20 2 2 9 14 4 19 20 5 18 18 12 10 16 19 19 4 14 10 16 18 15 20 17 7 15 2 12 5 4 16 6 19 11 18 16 13 12 18 5 18 2 16 11 3 19 15 6 2 1 10 16 2 2 13
71 317 19 18 3 209 47 57 18 126 6 16 20 7 175 199 6 13 419 18 1 291 18 339 11 20 350 13 11 4 179 39 4 301 19 277 172 351 108 20 403 5 20 251 139 12 5 14 12 1 134 149 315 13 53 356 9 19 94 42 128 20 367 11 9 80 2 240 11 41 10 219 7 35 157 60 12 13 14 365 20 364 6 12 145 2 7 9 176 11 20 45 90 311 20 3 3 329 16 11 4 167 384 15 363 12 224 10 15 9 14 187 319 130 120 4 8 100 2 200 8 13 305 264 3 181 20 58 8 2 16 8 10 10 6 19 15 6 16 17 19 331 14 261 5 88 49 85 17 11 13 15 14 19 1 17 17 10 1 13 254 99 12 15 101 133 9 5 2 342 64 415 201 19 233 294 19 238 413 206 14 6 10 3 306 12 13 3 373 7 3 15 10 132 18 239 354 407 19 4 68 5 11 20 228 9 6 220 20 19 3 9 16 136 377 203 10 79 341 324 3 336 312 237 104 154 278 73 241 56 8 402 1 13 3 327 7 230 7 379 75 218 98 9 10 417 349 87 18 307 20 6 1 14 19 14 17 270 17 15 323 4 19 1 213 19 13 14 2 12 83 11 7 6 268 2 1 326 272 309 13 10 55 152 7 3 16 316 391 4 3 18 18 124 1 165 15 6 5 8 248 4 332 337 82 195 274 19 6 12 19 12 8 67 392 18 14 122 137 11 253 135 222 14 217 8 17 260 381 4 372 193 8 8 358 4 11 20 420 1 153 328 1 11 7 267 20 93 116 10 19 289 389 295 6 4 3 8 17 19 38 168 3 158 70 17 52 13 406 320 12 15 8 225 10 6 19 397 293 226 2 19 13 257 121 11 72 20 17 5 17 164 16 10 14 17 15 142 1 188 292 11 103 20 1 380 271 13 1 107 16 8 235 411 18 313 10 1 5 10 20 9 16 12 205 13 14 11 14 18 16 18 6 287 12 15 361 12 2 106 81 6 12 398 288 18 8 355 2 246 117 20 17 259 6 59 6 174 215 123 16 247 197 16 113 143 17 266 1 18 12 8 16 22 11 8 7 4 3 376 252 4 234 9 13 9 400 18 7 16 15 4 13 5 7 17 9 15 178 17 14 20 11 297 18 273 17 11 12 5 19 9 18 112 11 20 14 375 16 9 96 169 8 393 6 3 221 10 180 17 177 296 346 21 8 18 16 16 9 150 15 91 362 223 229 343 11 409 12 2 16 129 19 97 18 14 335 12 7 17 11 4 63 14 299 36 9 12 74 9 7 1 15 345 6 8 249 19 2 14 3 2 12 12 198 2 160 8 357 191 40 11 14 258 20 16 8 18 10 166 255 383 7 146 279 27 387 13 16 114 155 11 1 9 3 211 8 131 2 16 7 7 24 2 408 347 173 2 282 18 19 15 19 161 14 84 15 10 276 18 15 16 5 159 13 3 412 171 15 405 340 141 44 386 3 26 138 396 1 16 8 17 18 2 19 62 105 95 11 5 9 15 9 33 19 17 18 8 382 8 12 13 11 19 3 18 7 5 14 6 19 20 11 404 8 284 13 2 20 9 144 20 46 37 1 20 20 19 9 2 314 12 207 13 10 111 16 110 304 170 16 15 10 18 1 245 14 19 14 10 18 3 1 12 77 19 5 9 43 65 13 401 13 17 12 182 208 163 385 298 34 61 366 11 360 18 17 18 14 6 19 394 18 6 162 18 2 370 5 13 54 17 232 17 189 19 6 30 186 7 23 78 410 1 5 265 3 9 2 183 368 286 9 1 263 15 17 17 18 1 9 371 302 13 2 76 7 418 7 13 10 6 416 3 140 390 3 280 12 4 13 6 6 325 16 4 2 89 7 4 16 17 25 202 13 2 12 14 11 17 262 4 10 388 14 334 210 359 2 190 369 378 13 285 1 14 125 310 5 50 15 10 13 374 16 11 5 20 6 250 1 4 18 16 399 321 4 86 303 7 69 7 10 231 48 236 9 32 2 322 7 15 29 300 102 13 344 16 2 12 118 148 216 5 13 4 15 20 204 13 147 352 12 10 192 2 2 9 15 8 11 127 318 3 290 256 212 109 119 18 156 8 353 16 333 11 4 184 348 185 308 18 242 8 16 12 12 194 1 28 8 8 31 12 196 13 16 151 4 4 7 17 275 10 66 227 16 5 2 1 13 9 13 283 115 19 12 13 51 9 214 92 18 9 6 269 2 9 14 13 281 243 244 15 330 414 3 2 395 338
1000 1000
5 2 4 16 7 15 11 19 20 12 14 17 20 14 2 12 2 1 6 2 7 4 1 16 1 13 6 9 1 15 2 1 17 6 1 11 14 18 6 14 2 10 19 13 4 7 1 8 20 8 14 7 3 20 20 8 15 13 1 11 8 20 15 7 17 10 10 19 9 13 18 4 4 15 9 5 8 8 19 12 6 11 14 6 10 20 12 19 15 13 12 5 17 14 16 15 7 1 4 12 7 10 14 7 11 5 5 1 4 19 14 9 10 6 19 17 16 13 3 5 10 20 13 6 4 11 16 12 7 16 20 12 12 19 20 17 12 16 17 18 13 1 10 16 1 5 13 19 19 3 8 13 17 10 11 18 5 2 17 1 16 2 14 17 10 14 8 15 8 16 17 10 13 19 4 1 3 9 12 4 2 5 5 19 7 19 1 15 8 9 1 15 15 17 16 17 3 20 16 8 16 20 12 4 11 3 17 16 10 12 17 17 18 19 6 20 13 3 11 1 17 12 2 10 9 8 14 17 10 15 9 13 2 3 7 1 8 2 2 19 9 6 15 19 7 7 6 9 20 11 11 7 16 1 10 20 2 2 13 12 7 17 1 20 12 11 19 1 9 10 15 2 20 16 5 4 19 16 1 1 7 8 18 19 16 10 18 6 2 8 6 14 11 5 15 5 10 15 9 19 16 16 12 16 20 17 13 10 17 7 4 18 3 9 2 14 11 15 7 3 11 15 12 17 4 2 4 17 20 12 7 10 8 3 6 6 12 12 20 1 20 2 2 13 15 6 16 18 3 12 20 17 13 6 6 13 8 13 16 18 20 14 16 1 4 16 19 17 6 14 4 8 6 18 8 11 2 19 19 20 5 5 18 8 2 17 20 17 15 12 11 20 13 18 1 2 10 17 19 7 9 18 3 13 11 1 2 11 6 10 11 3 3 3 7 8 3 18 16 13 11 3 10 6 18 5 9 15 12 13 13 15 4 7 12 13 2 17 14 10 3 4 5 10 2 4 1 15 14 4 8 13 11 2 7 19 14 12 7 6 17 5 8 6 8 18 3 12 10 6 18 6 5 17 1 16 18 15 12 5 9 8 8 1 8 13 4 11 1 8 14 11 5 1 12 4 12 19 16 2 13 12 15 17 18 6 10 1 7 7 5 14 18 3 6 2 1 13 11 10 19 1 11 5 16 14 10 7 15 19 6 15 17 11 7 17 6 7 5 9 13 5 8 20 4 1 19 1 5 19 2 10 13 20 8 10 16 4 20 15 20 16 7 13 14 5 7 4 14 13 7 4 20 7 8 19 6 13 16 16 9 16 11 11 20 17 19 18 2 15 1 3 1 12 11 2 16 14 3 20 7 14 10 16 8 17 14 20 14 18 1 12 11 2 15 15 13 15 14 16 4 16 2 16 3 18 3 1 12 12 19 18 2 11 17 6 10 13 13 11 16 6 17 19 18 12 2 6 17 18 18 16 16 9 17 10 4 12 19 6 13 16 11 2 7 19 14 20 18 6 6 17 18 18 18 4 12 7 12 9 11 7 14 9 18 4 4 8 2 17 18 15 10 7 20 17 6 16 2 14 19 1 20 12 14 2 17 5 15 2 9 14 13 18 18 11 13 11 16 15 3 9 7 3 6 2 9 2 18 13 5 1 16 18 19 10 9 10 12 2 20 6 1 5 1 3 12 14 14 14 10 3 15 20 13 10 16 10 17 8 14 2 16 9 20 11 12 12 10 19 10 15 1 6 13 8 9 2 9 11 6 9 7 10 19 12 14 3 14 2 16 13 10 11 17 9 12 20 4 11 15 18 2 11 15 13 5 15 19 4 13 11 16 5 20 9 5 20 5 4 1 15 15 9 3 16 1 10 20 6 6 12 18 6 7 12 17 18 16 2 1 2 7 13 5 18 10 19 5 5 9 4 14 9 3 12 4 9 12 3 9 5 8 13 14 2 7 10 17 6 14 17 14 5 10 15 19 11 6 15 4 5 20 13 5 14 2 8 16 10 10 12 16 8 7 7 7 6 18 2 17 14 19 15 7 6 4 11 8 10 4 14 1 6 11 16 12 5 19 16 9 13 7 18 13 13 7 9 20 20 7 18 3 10 15 6 5 1 6 4 18 16 14 20 14 15 17 1 16 2 20 8 12 8 12 14 18 5 8 19 13 16 11 4 1 12 12 8 6 11 2 2 6 2 14 16 7 17 8 9 13 9 11 1 18 13 1 17 11 9 8 8 20 20 8 12 5 12 6 5
2 4 33 332 366 16 375 7 15 2 2 20 15 37 338 363 3 123 18 20 350 4 2 84 182 112 261 281 10 15 10 147 262 13 387 7 3 17 8 118 4 344 215 18 219 13 13 53 8 13 8 12 309 1 216 4 20 1 98 6 3 11 3 3 218 11 6 168 157 296 345 413 10 12 186 162 1 65 7 2 14 15 411 18 386 382 11 7 4 13 19 16 1 161 111 259 8 8 189 6 1 5 16 364 16 324 17 15 13 5 4 4 370 67 6 13 8 1 9 132 17 3 12 417 4 383 1 6 11 340 410 207 7 7 3 5 163 7 1 103 167 16 13 257 6 13 13 379 14 129 1 4 11 17 18 15 15 253 12 18 19 16 12 10 2 206 15 3 402 245 17 139 11 7 2 15 5 15 2 13 377 16 77 11 7 5 9 228 9 308 322 99 115 403 18 36 14 2 18 136 414 6 16 15 8 156 17 11 133 1 393 6 10 18 247 330 7 108 17 378 389 20 4 268 5 18 187 1 195 11 335 273 397 9 391 7 83 275 333 74 6 12 8 236 329 416 26 17 194 14 76 196 20 18 2 12 418 18 368 8 15 18 16 1 362 17 279 5 4 2 16 19 17 122 155 20 8 176 2 258 55 19 267 43 315 17 14 307 2 175 11 12 3 20 17 14 113 89 12 16 11 5 288 110 3 16 10 209 7 357 319 2 20 92 86 3 11 15 264 38 19 15 13 5 18 6 13 2 7 12 334 85 135 8 19 380 1 19 2 3 29 3 13 1 20 5 6 360 405 312 14 12 6 14 13 1 20 3 13 10 17 100 11 104 19 346 6 396 63 7 18 49 217 11 20 250 96 365 4 11 13 16 305 4 180 11 18 1 15 13 367 223 14 11 173 153 9 47 5 11 18 20 13 419 5 8 12 19 6 249 12 10 19 20 12 1 2 124 127 14 2 120 323 18 208 31 244 9 263 107 48 9 3 106 341 19 7 313 82 165 4 144 10 233 6 8 19 17 20 21 11 349 235 20 171 10 1 238 15 1 227 11 20 328 8 348 4 17 6 16 60 356 16 404 2 232 339 16 7 11 6 91 137 95 11 11 160 12 14 12 125 2 51 88 331 415 20 8 16 40 320 5 2 90 351 18 64 73 203 14 9 148 13 14 134 9 34 14 4 6 169 20 27 14 117 2 243 220 1 13 265 19 11 17 35 191 184 44 1 2 18 18 1 291 10 5 146 17 325 14 201 18 14 17 14 170 7 214 2 17 2 15 81 256 19 7 343 126 16 18 32 59 6 71 17 254 5 72 8 282 371 13 15 8 9 200 16 121 13 2 102 7 39 13 190 101 240 145 16 12 16 20 297 326 188 226 4 13 248 6 298 13 14 6 18 1 409 14 15 198 7 41 12 7 11 20 19 222 1 361 19 116 42 292 293 336 17 306 17 290 19 300 225 237 246 266 390 373 3 278 317 24 270 10 289 11 94 22 6 128 181 14 159 16 10 11 299 374 10 10 17 19 381 388 342 1 13 185 11 355 109 18 2 199 11 15 16 354 372 271 4 16 16 9 20 158 17 8 15 19 130 337 7 5 2 280 5 151 5 13 399 7 1 6 12 138 18 11 75 303 141 398 2 12 193 12 14 14 6 14 202 12 15 385 5 58 20 213 412 6 231 18 56 12 229 2 164 395 105 70 234 17 392 18 13 6 10 19 12 16 57 12 20 18 6 13 142 1 274 10 311 212 352 18 6 277 327 6 6 4 269 5 407 2 97 18 1 14 14 17 316 6 68 4 179 353 20 66 230 114 224 17 8 15 18 15 251 3 205 314 310 20 20 12 177 46 16 9 11 174 221 3 178 13 20 242 54 210 45 285 9 62 7 23 183 2 30 255 12 7 17 14 10 10 17 1 172 10 131 16 1 1 149 7 16 1 11 9 384 394 25 14 20 295 6 10 13 14 5 347 5 18 13 154 211 272 9 13 17 18 406 16 4 166 93 13 192 12 8 13 15 79 260 19 286 16 276 80 5 18 17 87 301 8 16 1 8 78 376 20 61 50 10 321 10 16 14 119 9 14 1 287 28 7 1 20 15 294 11 4 19 420 3 15 3 12 10 8 9 283 12 16 2 252 8 6 401 7 284 6 241 19 304 140 10 6 152 4 143 10 9 52 400 14 150 7 7 10 204 239 12 302 358 369 2 15 4 17 3 12 13 5 12 15 318 197 2 69 17 1 359 408 6 14 11 19 11 16 6 5
1000 1000
17 12 15 18 20 5 4 17 5 14 13 18 1 5 1 13 19 16 12 10 17 20 4 10 12 11 19 20 3 7 19 3 17 11 5 12 2 12 18 9 7 7 19 6 15 18 4 1 1 7 9 2 2 9 13 13 13 4 9 3 15 14 7 7 4 4 20 10 9 1 13 12 11 20 1 7 12 5 20 15 11 8 18 10 4 15 2 12 15 10 14 19 16 7 3 4 17 1 9 6 8 6 13 3 13 5 11 15 15 19 19 3 6 6 9 11 8 5 16 16 3 18 18 8 6 10 1 10 1 8 11 5 20 7 19 15 17 11 4 6 3 12 19 5 6 7 5 15 5 15 4 3 19 17 10 16 13 1 1 3 18 1 12 16 19 17 17 6 14 15 17 10 20 7 12 12 10 17 10 20 5 20 13 10 3 2 18 12 5 1 11 9 20 16 18 10 13 15 20 9 7 6 16 2 16 11 13 6 8 5 3 15 8 2 8 9 9 13 16 20 5 15 7 5 12 13 2 20 8 12 1 16 7 5 6 15 6 7 8 9 7 10 20 11 2 14 6 19 13 15 7 19 15 8 20 19 6 2 15 9 20 3 19 8 12 1 9 12 9 10 14 18 11 8 13 9 3 7 14 18 17 20 17 8 5 17 11 3 19 9 8 20 15 7 4 7 7 20 14 7 20 17 12 2 11 13 20 4 4 4 11 2 20 11 8 13 4 20 2 13 17 13 3 3 7 14 19 17 3 20 12 20 11 16 5 7 8 5 1 16 18 6 4 6 11 2 1 14 12 3 12 14 5 12 1 3 1 14 1 19 8 17 14 20 7 2 7 5 14 20 14 11 10 15 15 1 5 5 18 16 16 3 10 15 11 4 17 14 1 19 19 6 2 4 7 16 16 9 4 15 13 3 7 4 4 8 3 18 16 15 9 4 18 14 20 20 10 11 19 17 8 2 7 10 10 11 13 12 7 11 19 20 2 6 12 20 18 18 14 3 17 1 2 18 14 9 4 8 11 20 6 2 3 20 1 15 12 10 19 5 12 3 16 15 9 10 18 18 1 13 11 19 15 18 8 8 19 13 5 19 2 17 2 10 9 1 5 2 6 11 6 3 2 14 2 17 7 10 9 12 5 16 14 17 8 11 18 18 13 14 1 17 16 19 4 3 1 3 7 4 7 14 16 14 10 18 12 2 14 1 3 7 16 20 9 19 12 6 3 8 15 17 14 9 9 18 4 8 17 14 2 2 13 14 10 1 18 2 17 9 7 15 4 13 2 10 15 17 18 15 16 19 7 9 18 16 17 19 5 3 9 14 13 2 13 5 2 15 9 9 20 9 11 2 7 10 1 12 17 8 17 2 13 7 9 16 19 13 1 3 11 17 19 7 13 4 16 18 12 10 7 16 8 17 16 11 20 13 15 10 2 5 6 14 19 5 15 12 8 2 2 2 10 2 10 11 20 9 19 16 17 12 16 10 8 3 9 10 2 18 12 11 14 3 2 10 2 10 20 17 12 4 5 1 8 10 7 18 18 3 5 12 8 2 10 2 3 4 12 2 18 5 10 10 4 18 3 12 17 20 1 4 20 12 10 20 6 4 20 10 12 10 15 1 8 17 4 1 13 14 9 6 11 9 12 9 8 7 10 20 10 8 4 11 3 8 17 19 3 17 10 17 12 7 7 3 15 15 11 2 3 18 2 13 4 14 18 2 9 16 5 12 18 19 3 1 8 1 8 5 9 15 6 16 4 12 12 6 18 18 2 19 3 13 14 18 16 20 17 14 20 4 10 9 6 9 14 17 11 1 18 20 7 7 1 17 11 3 20 18 15 8 4 19 16 5 2 12 16 20 10 12 1 3 1 18 8 4 18 10 2 2 15 2 12 17 17 13 2 7 15 3 2 9 7 15 8 14 7 7 15 20 20 9 3 6 9 15 10 18 7 2 5 16 5 20 12 20 2 19 17 5 15 4 14 2 13 16 15 1 9 5 17 8 4 4 14 9 3 5 11 1 18 2 13 4 14 19 12 13 18 12 2 13 11 9 19 14 13 1 15 4 4 16 16 7 15 5 13 20 13 3 17 10 5 7 10 2 6 3 18 2 6 8 5 20 12 5 13 6 19 16 9 4 4 17 14 10 17 9 8 10 5 16 14 15 11 14 19 10 13 19 16 16 11 19 2 15 13 9 14 4 3 13 8 19 11 14 6 7 18 6 7 16 2 11 8 14 20 18 7 9 6 9 2 8 6 15 7 18
16 2 20 375 19 11 12 275 13 4 344 17 14 20 388 12 320 9 10 13 118 15 6 18 18 20 216 11 7 4 4 14 255 6 180 3 383 350 14 6 150 15 4 3 14 65 8 121 13 12 15 188 9 3 209 14 5 2 34 274 16 18 373 20 2 351 4 9 3 16 309 5 19 2 38 186 19 71 249 104 7 178 6 8 116 254 8 17 345 12 10 89 39 14 15 281 283 322 78 12 385 5 161 18 17 341 265 5 4 1 142 229 18 7 84 119 332 10 327 313 197 13 297 18 68 8 10 367 20 2 4 308 13 145 175 13 220 3 131 15 260 365 12 103 10 291 94 30 242 9 8 7 250 2 7 20 20 224 19 270 5 14 18 7 13 387 181 5 233 12 10 19 64 381 7 12 211 9 2 346 6 357 20 194 13 19 31 10 414 11 10 12 55 317 1 380 264 18 372 82 9 7 6 13 404 33 18 12 13 174 17 3 98 92 18 29 247 17 15 234 19 3 356 8 11 91 15 10 16 1 1 8 278 11 2 134 413 17 11 3 9 12 10 403 331 16 335 17 5 123 7 4 8 70 261 18 295 314 81 105 9 17 112 276 9 2 288 408 17 16 6 11 17 1 241 3 99 7 125 59 7 173 8 136 287 19 258 9 325 374 14 1 289 246 399 15 391 16 18 11 338 14 227 13 14 15 193 40 8 15 9 3 191 2 185 6 2 79 58 4 14 15 364 8 5 10 3 52 3 137 342 9 396 2 285 371 407 18 3 25 2 7 96 24 1 8 184 11 190 2 2 272 19 13 20 12 6 219 87 7 3 19 8 18 21 3 19 18 19 13 196 12 303 133 412 12 3 5 15 300 101 16 12 5 45 405 130 93 192 20 135 333 2 20 72 4 16 20 378 2 27 16 160 334 358 19 177 315 176 12 353 252 347 397 2 14 259 18 2 114 151 61 294 3 120 8 8 19 11 13 256 9 5 230 15 19 108 11 7 106 158 15 222 2 3 1 5 419 32 126 19 3 43 6 6 9 17 16 10 411 132 9 11 164 48 9 17 1 18 232 17 13 10 4 111 1 14 179 4 16 1 5 7 122 187 6 182 156 20 262 6 2 5 6 384 12 19 2 389 237 19 4 113 355 4 18 88 20 7 206 18 3 6 18 12 9 83 208 16 5 12 5 392 14 336 15 8 14 205 292 15 18 3 20 12 221 359 10 20 10 17 16 144 76 343 67 321 377 14 9 9 3 16 18 1 20 417 2 12 37 2 5 9 11 80 20 328 17 207 12 213 13 14 9 16 14 17 16 7 57 9 153 35 11 3 319 23 20 2 15 354 266 235 49 9 60 11 12 402 20 203 138 395 4 163 10 12 9 8 16 2 8 267 4 257 269 293 368 6 352 415 1 16 5 3 109 13 2 8 8 14 9 8 4 238 393 8 366 18 2 248 11 199 280 16 245 170 14 14 26 13 17 51 17 97 149 244 296 11 318 3 2 4 95 7 7 243 9 226 8 2 6 86 17 54 9 398 239 50 20 15 8 282 102 17 401 13 8 17 379 19 418 3 9 406 20 8 326 7 3 152 14 218 14 18 7 301 2 1 100 10 369 15 12 316 304 13 124 11 1 212 162 20 2 10 361 75 16 69 47 12 349 310 1 2 251 10 8 198 10 16 290 376 167 5 268 4 66 18 11 183 20 77 168 20 240 8 166 107 5 3 4 13 12 12 147 323 18 42 172 15 382 4 128 7 11 6 324 363 20 15 6 13 3 4 1 1 140 7 146 394 115 13 20 329 8 416 4 390 74 148 15 141 5 8 169 16 129 14 19 19 3 1 18 3 286 5 17 15 17 1 214 2 7 90 7 312 4 11 307 157 20 22 4 17 19 16 2 16 279 284 17 110 236 231 139 18 13 117 18 1 340 7 20 19 386 171 195 17 8 154 4 9 14 7 4 17 85 7 12 15 189 302 15 200 11 165 204 19 20 3 56 311 13 277 16 5 17 4 13 253 41 6 271 62 202 13 44 215 3 73 2 20 8 306 8 16 2 400 1 20 9 360 1 15 420 12 17 28 18 370 5 273 8 228 348 159 13 5 4 1 14 5 18 20 155 2 210 19 299 36 9 2 2 298 10 19 7 19 330 11 10 223 7 6 10 263 217 63 18 410 13 2 18 4 15 409 7 305 337 5 10 17 2 18 362 1 201 5 53 3 6 18 1 12 13 225 1 17 143 46 14 11 19 127 19 15 7 339 18
1000 1000
7 9 15 7 3 14 19 16 15 10 1 1 11 19 6 4 19 20 1 16 4 4 18 14 17 4 19 2 16 3 7 17 12 2 5 3 11 8 12 4 20 8 6 4 12 18 13 14 5 15 17 8 12 20 14 10 7 3 16 8 1 13 2 12 5 6 4 15 20 3 6 5 18 3 19 7 3 2 13 2 20 6 5 19 12 2 9 14 5 15 6 16 9 20 16 11 13 9 17 12 2 16 5 13 2 14 11 10 7 6 11 14 1 3 6 5 3 6 13 19 7 15 16 11 4 15 8 2 15 11 14 6 7 17 17 20 12 11 17 18 5 15 6 5 15 12 5 6 16 11 3 9 1 2 16 1 7 6 1 1 12 15 5 7 15 15 15 11 6 1 9 7 20 9 19 7 11 18 14 16 11 18 17 17 9 9 19 10 5 11 2 2 9 18 9 7 1 16 18 5 14 20 13 1 10 17 1 13 15 3 3 12 8 11 11 12 8 8 18 18 6 14 12 6 12 12 1 7 14 13 19 9 4 2 13 12 3 5 8 13 3 18 15 2 12 2 17 16 13 1 6 9 15 13 18 4 11 3 20 13 15 20 9 8 14 4 4 11 14 15 11 8 17 10 16 8 3 5 13 17 5 2 14 17 15 9 18 14 10 19 15 14 12 11 16 20 14 8 10 16 14 6 6 9 15 14 20 4 4 3 17 18 5 13 14 1 1 18 10 16 4 19 7 6 12 17 5 3 3 1 8 9 6 6 8 16 15 9 20 1 3 15 11 14 1 11 18 9 10 19 9 14 15 19 5 8 16 13 17 12 12 19 11 19 2 3 7 15 3 13 11 11 19 18 5 10 17 4 20 15 9 11 9 1 9 5 10 4 17 3 7 20 17 2 9 11 13 11 8 19 2 10 17 7 8 5 17 19 1 2 15 13 16 9 3 7 2 11 13 13 8 3 17 12 1 13 7 9 20 10 11 19 19 1 11 5 1 11 13 6 7 15 16 11 17 6 4 18 14 18 3 9 15 13 15 19 3 3 20 16 13 11 12 9 3 11 10 15 16 12 17 7 14 9 8 1 8 7 17 2 10 9 10 3 16 2 1 12 10 15 2 3 20 6 18 7 12 9 3 9 5 4 6 20 10 5 12 3 8 9 5 3 13 20 4 15 20 10 16 3 8 16 11 20 12 19 12 2 20 15 9 19 20 3 3 1 1 8 16 1 11 1 2 4 19 20 4 17 14 14 16 17 19 20 10 10 12 1 16 13 3 14 4 18 19 19 5 8 6 8 15 7 11 9 3 13 10 10 1 17 15 1 9 9 18 20 13 20 19 13 9 9 12 16 4 16 2 3 15 7 1 15 18 1 11 18 4 3 2 8 18 14 19 13 3 17 18 19 9 11 4 2 1 1 5 10 19 2 18 17 13 3 6 20 13 9 12 9 17 1 18 10 11 14 19 5 3 16 12 13 10 14 8 10 15 19 17 4 17 5 13 6 16 12 18 5 17 9 19 17 19 16 1 18 11 11 1 15 19 5 16 18 13 3 12 2 1 1 15 4 12 5 11 17 7 1 1 12 14 11 15 14 11 4 3 15 6 8 11 12 17 2 10 11 12 6 8 3 12 4 12 20 4 2 14 11 3 13 10 7 14 14 12 9 1 16 2 15 1 2 3 4 4 1 7 19 5 19 15 4 7 18 2 16 20 1 11 12 7 11 7 14 14 17 15 11 9 19 8 20 8 3 16 10 14 13 8 2 18 5 3 18 12 17 9 16 1 6 12 13 8 9 8 20 17 15 16 11 2 5 7 14 1 10 4 14 3 12 19 19 11 13 17 8 11 13 11 16 20 7 20 2 3 6 6 13 13 19 12 7 15 14 1 10 18 1 3 3 12 13 17 11 12 18 14 7 1 17 18 7 10 9 10 19 10 3 2 15 20 4 18 19 2 3 15 8 1 2 2 12 11 2 12 5 18 11 11 17 10 17 7 15 17 7 7 12 3 3 4 5 6 6 15 6 16 9 4 20 12 15 1 12 8 11 18 4 13 10 16 10 8 13 14 17 18 9 5 14 11 4 8 9 16 5 7 8 16 1 11 2 15 18 9 14 12 14 13 10 2 8 12 5 8 16 3 5 4 18 17 3 19 20 6 2 3 14 7 15 16 20 14 7 15 20 7 20 7 7 15 4 12 15 3 6 5 5 6 18 15 3 14 15 16 19 9 18 20 14 9 5 15 12 19 9 6 13 2 5 11 3
120 7 194 9 2 10 11 279 143 110 2 17 17 268 1 275 14 3 8 11 25 147 255 42 19 289 20 74 10 10 3 20 119 9 7 11 3 14 13 274 408 165 325 10 14 3 53 309 6 3 4 8 257 8 16 198 12 115 90 56 225 2 209 16 245 45 11 37 8 8 221 280 94 95 11 3 346 12 286 197 5 1 9 142 4 3 17 118 11 13 6 23 400 16 17 10 16 11 8 123 18 20 17 19 10 73 282 7 139 335 1 293 3 4 355 12 16 3 59 14 206 16 5 6 18 15 17 285 3 4 9 1 11 310 1 18 387 160 46 121 11 85 3 18 344 4 18 1 5 16 336 380 62 234 11 8 1 159 371 1 86 15 135 297 178 19 15 11 409 12 11 12 14 8 15 299 406 3 134 17 9 403 2 13 91 8 18 18 391 3 16 6 10 12 392 1 78 9 384 77 54 248 3 345 152 1 67 1 5 5 9 411 9 18 39 20 12 32 8 14 11 146 1 10 104 342 9 10 4 11 126 243 249 108 4 4 4 11 239 5 9 12 20 48 154 2 220 332 244 17 246 265 3 83 19 16 9 15 235 5 261 8 16 8 213 287 231 20 269 377 18 323 1 65 1 6 13 18 72 12 28 8 17 136 217 2 250 6 227 368 5 366 11 20 12 7 414 17 2 10 9 13 212 5 17 3 1 70 99 401 291 24 356 1 40 363 6 15 6 6 354 13 6 14 182 233 164 5 76 138 281 3 412 167 15 302 19 17 311 15 1 66 19 6 19 19 151 15 11 258 1 13 2 334 19 1 7 340 12 57 8 10 254 333 4 383 38 7 20 3 10 215 189 370 1 8 218 11 205 319 12 2 7 4 19 15 11 19 80 18 18 2 16 201 168 11 238 317 17 416 181 18 20 107 324 9 1 27 395 162 3 10 4 413 288 374 199 17 11 19 208 127 8 242 12 11 11 18 9 64 202 93 365 26 10 229 7 303 190 8 16 241 14 71 140 3 2 322 18 5 3 331 44 15 6 51 349 14 12 7 8 9 252 2 8 16 11 41 17 6 177 19 130 5 9 19 7 290 9 240 183 2 298 216 9 375 8 16 82 17 20 6 266 34 4 5 20 2 12 5 318 14 13 18 12 264 4 161 6 1 2 4 17 192 263 6 224 16 12 10 4 284 15 304 14 16 19 17 18 410 11 10 19 5 7 19 102 9 1 16 4 307 8 14 5 12 55 315 1 19 230 253 15 3 17 19 12 2 2 186 16 14 7 180 341 223 184 4 300 2 352 13 7 9 20 133 2 131 191 3 271 195 188 6 6 259 171 13 6 273 13 11 16 145 3 20 343 6 18 7 12 14 13 11 247 372 128 1 14 4 137 1 359 1 16 350 8 5 306 175 7 267 9 170 92 19 211 196 11 1 373 15 381 314 13 106 50 1 20 15 68 397 386 405 1 88 20 19 5 18 2 12 12 124 19 16 3 12 222 156 5 3 1 113 8 6 385 9 353 101 4 19 9 20 18 312 111 15 3 100 418 5 172 417 5 63 9 15 16 31 396 114 1 10 17 12 5 402 330 21 112 7 5 14 9 351 13 7 16 379 19 20 2 394 228 320 360 15 10 419 11 11 173 12 16 52 9 11 185 6 232 105 148 15 11 236 84 18 4 339 5 369 7 7 7 17 382 12 292 14 18 15 2 187 16 16 11 16 3 1 166 2 17 3 1 16 20 9 125 18 5 81 36 15 193 9 20 338 404 22 14 18 347 179 43 17 420 116 13 3 12 2 4 5 176 14 17 10 17 7 144 3 316 163 326 15 11 13 89 2 153 69 10 7 389 367 13 9 13 15 18 9 4 329 20 6 17 4 15 20 97 4 327 200 3 313 2 75 60 174 58 8 12 270 6 17 11 348 157 1 277 19 17 17 87 10 15 376 3 18 361 16 328 15 301 7 11 1 17 283 2 12 7 8 13 12 109 278 305 13 98 20 16 9 2 19 11 276 18 11 12 12 18 132 15 103 272 15 158 393 129 5 149 13 256 219 362 398 321 5 155 6 141 15 10 214 61 203 16 169 96 7 207 9 5 19 17 11 296 1 35 364 388 7 237 17 357 122 49 117 378 260 390 9 2 7 308 11 10 13 14 18 5 2 16 415 15 1 12 30 13 150 226 14 13 20 251 2 3 358 295 16 13 294 29 8 7 337 7 2 1 47 262 6 15 15 204 407 79 33 10 17 12 11 4 399 15 11 210 3
1000 1000
7 14 14 18 17 3 8 20 5 15 3 14 18 18 6 2 6 6 12 3 7 16 14 4 16 14 19 16 18 3 11 6 1 9 9 14 17 1 8 13 8 16 18 17 8 3 12 20 15 15 9 2 19 3 6 20 13 11 15 13 4 5 4 17 16 19 12 2 2 2 2 16 3 10 6 14 9 5 20 6 19 18 11 6 10 2 15 4 6 10 5 6 2 11 18 13 14 15 12 5 6 10 15 15 13 2 15 19 18 16 15 4 8 9 5 15 1 5 9 10 14 18 20 15 18 17 9 12 5 3 15 7 1 4 10 6 4 13 12 19 8 16 9 16 19 6 16 4 7 8 16 8 20 7 18 5 3 19 9 5 18 19 12 13 16 17 7 2 8 20 13 8 18 12 14 18 6 9 1 14 6 9 12 19 20 14 3 1 4 6 8 2 15 3 20 18 7 4 14 15 20 7 7 18 6 11 9 1 14 11 12 9 18 3 11 11 18 9 12 19 5 20 4 8 19 13 8 10 19 9 3 2 19 11 1 5 7 16 19 2 6 17 12 19 12 11 10 20 17 19 9 16 9 20 12 11 17 5 6 3 10 4 19 10 13 10 20 7 17 12 18 16 2 11 19 7 2 11 3 11 15 10 12 20 6 18 12 8 3 1 7 6 9 1 1 5 4 3 13 11 2 10 17 15 3 2 20 20 5 19 12 12 18 10 11 13 20 1 17 4 7 6 20 8 13 14 10 13 20 11 19 3 3 13 2 12 10 20 20 14 3 1 12 11 10 1 8 19 19 15 10 8 5 1 15 4 18 6 17 1 6 10 20 17 3 4 15 2 6 1 13 5 2 2 11 20 14 15 13 20 10 18 13 5 16 12 6 2 5 7 10 1 9 12 12 12 9 13 12 15 18 2 3 16 13 9 18 14 15 9 11 20 15 4 6 5 19 8 6 7 10 16 15 6 18 9 4 11 15 11 12 15 10 17 6 12 6 4 6 19 15 13 15 10 10 14 14 18 15 8 3 12 7 20 10 9 20 11 11 16 5 14 12 14 15 14 2 3 12 11 13 2 14 7 5 5 6 7 12 11 10 5 17 17 5 13 19 11 20 13 11 19 8 8 14 2 15 12 10 14 2 17 12 10 11 8 12 14 4 5 4 10 12 7 4 17 11 11 13 7 7 14 5 6 13 7 8 1 9 13 16 17 17 7 3 3 5 14 5 20 1 19 16 6 5 5 10 7 5 1 3 9 1 7 3 10 19 11 5 13 9 13 15 3 12 4 20 1 8 1 12 20 14 17 2 14 9 19 8 15 7 4 13 14 12 12 17 1 3 18 5 4 18 10 19 1 3 5 19 12 11 1 8 5 4 3 4 20 4 17 12 2 3 11 8 1 4 12 5 9 12 3 9 14 11 8 5 17 5 5 17 3 3 4 1 5 11 3 19 2 7 7 8 12 20 11 13 8 11 8 3 16 14 12 4 19 4 11 3 14 6 1 6 10 8 17 13 8 17 8 17 14 20 12 15 20 2 7 8 20 9 15 6 12 16 10 7 1 9 11 20 13 4 4 2 9 8 5 18 11 11 20 13 13 20 2 1 10 15 10 20 6 13 7 4 11 2 8 2 15 4 15 12 19 2 2 8 7 13 1 19 13 7 4 8 15 2 10 16 2 16 20 3 4 9 2 8 16 5 16 13 19 2 17 10 7 13 15 17 6 17 8 20 2 8 13 17 14 10 7 10 5 6 5 2 3 13 9 10 14 15 13 1 4 17 18 17 13 11 5 1 20 12 4 3 11 15 16 12 17 16 13 1 7 16 15 7 12 9 8 6 13 15 1 17 20 16 9 20 18 12 2 7 19 13 9 11 18 3 15 3 14 19 13 15 18 12 18 18 6 2 5 5 16 8 11 18 9 15 17 3 3 15 6 19 17 2 16 11 5 5 18 7 2 13 17 4 2 13 10 1 4 1 19 4 3 13 6 5 3 13 10 7 8 20 4 6 11 11 20 8 4 2 8 9 9 5 10 5 1 20 16 19 3 17 19 3 14 12 14 12 4 13 6 20 12 19 15 4 19 18 4 10 2 9 7 20 2 8 3 8 16 3 9 16 10 11 3 6 11 15 1 11 5 11 17 13 2 19 14 3 12 12 4 20 8 15 5 10 10 2 8 6 12 7 14 15 19 6 20 12 5 11 6 12 2 7 20 8 16 9 8 2 16 19 8 4 14 8 12 6 17 2 6 10 20 2 5 5 15
7 123 268 16 4 9 12 9 110 390 14 2 98 61 18 5 4 18 235 3 14 1 8 17 204 16 5 419 298 400 10 5 19 252 2 208 8 2 19 10 26 211 80 9 7 11 11 289 7 7 251 46 263 15 12 368 7 16 13 12 9 9 14 15 7 7 14 43 418 4 13 346 14 344 9 13 266 12 18 32 65 2 19 12 282 210 19 158 14 11 18 186 19 9 4 14 177 7 17 317 151 228 12 4 220 7 8 114 16 267 11 320 185 104 260 14 414 19 106 15 9 24 20 370 170 140 4 313 2 6 36 2 12 6 247 17 233 6 356 401 1 14 379 8 120 212 15 288 412 20 11 11 12 20 40 256 7 2 14 311 49 18 336 163 14 139 19 378 132 1 326 417 20 4 109 90 15 284 6 230 67 8 413 20 332 119 364 30 197 172 13 377 1 15 12 1 37 15 339 15 8 5 16 226 15 12 191 18 12 10 10 8 231 52 11 57 20 17 338 9 13 161 396 12 20 11 5 3 4 8 202 6 4 71 16 14 9 10 19 189 281 275 7 10 206 27 2 13 410 14 10 145 18 9 8 261 128 17 11 274 1 21 112 5 302 8 10 7 1 13 209 111 18 1 167 12 242 14 16 94 168 95 18 78 4 15 7 309 310 8 130 285 369 17 19 3 19 4 10 1 8 352 13 2 97 10 15 305 2 345 12 8 19 335 15 29 17 350 3 15 72 9 296 416 15 190 18 12 325 15 131 125 1 20 241 82 35 2 4 5 12 54 327 6 278 10 96 272 222 214 1 6 15 6 7 153 6 16 14 14 14 13 1 3 7 59 8 6 5 328 2 10 5 315 8 10 15 324 262 19 7 84 8 258 8 15 20 47 6 16 291 271 13 17 137 3 9 3 11 323 355 1 3 116 334 5 83 17 279 3 7 382 8 86 20 5 304 16 164 295 13 19 4 5 9 5 360 8 7 1 300 5 2 312 16 333 215 347 121 2 3 244 5 13 358 102 99 357 3 74 28 373 6 6 8 91 10 18 20 64 13 404 16 11 2 5 108 13 14 5 149 6 12 89 157 18 14 411 389 10 12 138 11 12 8 14 17 19 76 4 1 10 10 50 11 353 23 3 19 240 376 11 8 4 217 280 12 4 6 238 290 118 13 14 143 10 154 19 236 1 19 6 10 17 287 156 7 3 13 176 41 19 10 20 136 20 13 207 166 259 8 7 6 392 387 20 103 148 8 4 254 12 155 188 341 249 408 4 4 384 5 127 15 105 10 292 124 4 5 15 5 13 19 10 16 2 248 3 8 225 20 299 1 257 15 9 349 15 16 195 183 351 17 6 9 17 361 117 380 239 20 11 9 415 20 11 174 3 19 8 9 150 12 14 4 286 19 308 198 391 22 12 12 243 221 321 10 14 223 5 9 15 15 6 403 12 19 184 5 245 12 4 246 142 5 5 20 101 199 13 11 115 11 122 3 58 17 367 63 342 250 9 5 10 318 20 5 3 18 6 14 68 10 192 146 12 17 203 31 7 14 16 11 13 5 141 13 193 19 51 16 10 8 17 402 66 75 3 14 14 20 20 9 165 15 395 371 2 17 93 7 20 10 17 19 3 3 12 3 34 294 11 10 171 264 17 6 16 365 9 81 316 12 322 11 2 330 12 19 283 69 5 11 16 2 9 182 276 20 11 17 144 6 12 11 42 133 314 216 4 394 7 4 297 17 224 5 18 8 340 17 201 229 12 348 232 1 15 5 277 85 12 100 39 187 407 16 126 15 420 393 337 19 6 7 2 18 1 19 3 273 1 13 381 1 3 7 15 19 7 18 175 9 5 13 53 3 2 5 19 2 265 16 11 17 218 329 2 5 3 15 375 9 12 17 13 398 237 234 354 13 11 6 363 12 92 129 159 79 397 5 14 12 386 5 319 15 9 205 301 366 1 8 77 4 17 1 13 48 1 12 6 9 25 18 2 55 181 270 359 20 4 15 10 178 2 7 14 2 18 219 180 8 409 307 12 405 152 33 17 135 1 44 14 4 11 255 3 383 70 62 173 18 10 20 196 11 303 5 12 60 19 20 2 253 406 56 3 38 16 374 13 19 14 2 13 11 11 179 14 213 162 160 7 200 10 5 6 4 147 7 4 87 17 13 8 15 269 1 306 372 16 1 19 331 134 343 4 88 45 16 385 5 13 388 3 227 4 7 73 9 399 4 362 16 8 20 1 194 4 2 12 293 113 6 9 107 169 2 15
1000 1000
6 15 12 5 5 12 4 15 9 8 19 12 9 1 19 19 5 1 1 12 15 20 13 6 12 9 4 13 6 15 16 9 10 12 1 14 12 1 7 14 17 16 11 10 8 4 12 10 16 4 8 10 15 16 8 2 9 18 1 4 3 14 13 15 3 2 19 12 11 3 9 2 18 9 5 19 9 17 13 3 3 9 9 10 18 2 17 20 2 20 6 14 1 15 8 6 20 2 16 19 15 13 9 16 7 8 4 14 7 1 18 12 15 5 4 14 6 8 11 16 2 8 6 17 16 11 4 15 10 8 20 9 6 3 12 3 15 12 1 17 6 4 11 7 15 19 19 4 8 9 4 5 6 6 4 1 9 16 11 11 11 6 2 15 1 3 15 3 9 1 11 19 15 3 5 16 13 20 13 5 6 1 7 1 4 14 16 9 4 8 18 11 3 13 9 15 16 17 19 11 3 18 5 16 8 13 8 10 13 10 10 4 19 14 9 9 3 8 18 13 3 8 2 14 12 12 13 20 14 18 19 7 10 18 9 2 20 9 20 11 18 2 12 15 15 20 1 19 16 18 1 6 13 14 1 18 18 12 3 12 2 6 4 18 2 18 12 13 15 16 18 9 2 20 4 13 10 10 14 17 15 4 5 9 5 15 14 7 3 20 9 11 6 1 9 20 6 14 20 15 10 17 16 8 19 7 19 13 7 1 2 1 5 17 14 14 10 3 1 6 14 15 11 19 10 12 4 14 1 8 5 12 20 13 8 13 11 8 10 10 6 17 13 5 8 18 20 19 7 8 1 11 12 13 8 13 10 4 6 19 13 13 18 4 5 11 13 18 6 13 17 18 12 4 12 9 17 11 2 4 15 3 12 6 17 15 15 4 7 10 15 20 2 2 19 9 12 1 10 17 9 19 18 6 5 20 5 6 13 10 12 5 7 15 3 9 16 20 4 6 8 18 2 8 6 4 2 19 9 19 7 18 20 17 15 1 9 5 20 4 15 11 11 10 6 3 4 4 3 18 15 2 4 13 1 18 1 12 17 13 2 17 17 3 8 9 19 11 2 8 19 9 8 5 5 11 4 13 13 18 19 15 1 9 19 15 20 5 20 3 17 4 18 10 19 17 9 15 1 19 2 14 2 10 20 11 19 5 6 13 16 15 9 5 2 10 18 15 10 8 17 16 17 14 3 9 6 14 12 19 16 14 18 16 11 7 16 11 16 13 6 17 9 4 5 16 16 14 14 20 20 14 17 14 4 12 1 9 11 12 20 10 7 20 9 2 7 13 18 6 8 2 20 18 8 5 7 14 9 16 2 6 14 1 3 3 18 10 6 8 9 6 10 6 6 6 18 5 2 7 11 16 7 16 14 16 6 17 10 8 13 17 3 12 8 13 8 6 15 11 3 20 10 2 7 13 4 4 12 6 5 11 18 7 5 20 5 20 10 10 4 7 18 14 12 18 17 8 12 5 5 1 8 16 15 17 7 11 10 15 5 11 11 4 12 17 13 9 19 17 3 20 10 13 19 1 4 5 20 1 17 3 8 1 9 6 9 19 6 13 14 8 9 5 13 5 16 17 2 19 8 8 16 10 6 1 14 11 9 16 9 7 19 19 13 14 16 11 12 10 4 8 3 20 7 9 5 5 8 6 2 18 17 11 13 12 10 14 8 19 4 10 10 7 5 8 9 13 4 12 19 11 9 3 13 7 5 20 6 16 10 6 5 17 11 10 20 6 8 9 18 13 13 5 10 3 11 14 6 12 9 15 11 15 2 18 6 12 8 9 4 7 10 16 11 6 10 2 8 15 12 8 7 9 12 2 19 18 1 7 17 19 10 18 14 19 1 7 18 16 15 14 6 19 9 17 12 20 6 17 8 4 4 12 3 16 16 14 9 20 20 20 20 16 9 2 9 11 15 15 1 18 13 5 8 3 6 7 14 8 1 4 4 7 2 4 7 12 19 2 9 20 20 7 8 3 5 18 2 11 13 11 11 4 7 15 19 2 15 19 16 20 4 7 11 19 4 17 3 18 3 1 5 17 17 15 15 1 11 13 20 9 14 20 11 3 12 17 1 7 7 14 4 5 1 19 16 9 2 4 11 15 3 3 18 2 13 1 18 3 17 17 15 9 17 19 3 7 8 16 11 14 13 6 6 3 15 4 13 19 5 16 20 9 16 14 12 11 4 19 20 5 15 13 1 8 8 2 20 1 10 3 20 5 15 2 17 14 7 10 10 9 17 2 12 14 6 3 6 20
6 12 20 151 10 10 107 8 12 11 209 16 19 137 17 369 3 148 14 19 132 2 326 287 195 20 5 130 16 45 8 8 129 271 416 14 9 13 405 18 16 18 11 3 10 1 2 12 2 51 15 9 46 124 194 84 95 278 11 4 5 328 6 190 13 300 8 15 5 15 255 98 379 13 144 10 18 230 18 19 77 9 414 20 17 336 11 15 20 17 6 39 6 9 14 15 417 228 3 9 279 6 3 15 335 8 2 4 7 16 17 6 1 68 6 8 223 18 2 3 18 264 3 197 338 3 12 12 11 196 19 259 28 398 242 15 2 64 17 19 302 408 123 73 5 20 14 18 9 391 163 1 10 404 370 2 7 310 75 4 4 285 20 8 9 11 15 392 19 16 102 6 14 18 37 2 62 165 29 6 245 20 1 7 159 116 86 9 9 3 10 381 17 198 20 263 100 351 12 262 38 14 393 17 307 368 14 43 8 238 241 164 1 13 12 110 371 16 6 384 40 4 9 13 14 290 13 91 7 280 373 172 1 3 13 27 11 101 178 16 5 19 359 12 173 10 10 135 80 332 146 13 5 2 143 13 8 10 8 210 2 15 127 20 133 14 418 8 399 6 213 134 1 8 212 13 106 17 155 18 12 6 6 412 157 23 99 10 7 7 347 54 409 177 1 316 18 341 17 82 11 320 3 8 383 5 225 334 1 19 103 5 13 308 93 329 4 5 13 139 20 272 19 324 283 7 34 79 7 11 250 9 47 413 12 11 17 20 9 6 35 85 357 389 176 304 15 3 42 318 2 9 367 180 8 119 17 19 323 131 18 10 346 10 327 9 1 294 10 3 388 17 273 17 337 117 6 11 382 5 9 33 303 8 10 375 17 8 12 3 362 13 15 301 7 258 158 394 2 7 3 150 10 60 226 9 12 15 5 11 16 248 5 9 138 5 11 182 184 419 9 14 292 22 20 333 17 400 339 56 57 322 268 11 361 7 136 395 19 17 10 7 14 18 8 9 30 6 372 207 11 104 282 6 3 17 7 9 9 17 19 15 12 18 2 8 15 18 11 14 2 20 18 415 18 16 16 311 13 14 6 358 12 120 9 12 1 16 15 114 24 7 2 9 7 154 1 9 18 59 179 330 6 217 141 16 16 5 276 4 10 420 1 17 17 317 12 7 352 3 201 12 121 3 20 240 20 20 229 5 13 174 17 340 7 36 9 401 69 18 66 13 20 16 16 4 16 17 8 4 21 12 5 109 4 200 18 10 234 175 94 15 297 1 8 12 298 10 7 18 140 8 267 89 15 18 289 14 5 7 1 6 9 15 96 11 14 3 9 3 253 15 14 13 147 8 10 17 13 331 4 4 211 306 8 10 13 7 3 286 9 18 65 44 16 3 18 18 153 6 20 20 309 312 9 14 53 203 122 378 274 222 281 83 11 19 11 402 1 5 13 191 14 16 7 17 18 6 236 2 6 10 50 145 16 1 149 252 31 12 19 345 12 189 8 288 256 6 2 11 6 204 319 5 1 20 342 20 205 313 18 88 111 349 295 257 113 19 10 14 5 11 407 360 246 344 13 15 170 356 7 3 171 16 7 3 18 16 15 193 97 5 112 206 410 71 19 232 5 10 2 20 266 118 183 181 9 5 18 406 186 67 18 214 4 19 10 12 17 1 15 166 142 6 11 19 14 15 235 11 87 152 108 2 8 26 3 11 81 11 10 363 377 7 8 366 3 169 12 19 6 8 17 216 20 386 9 48 4 11 291 72 314 390 20 55 13 7 15 10 3 233 19 16 321 18 156 5 364 219 16 284 9 13 239 299 4 188 12 10 403 8 19 387 224 20 20 18 18 14 192 355 10 202 12 126 185 15 19 243 17 61 220 6 14 13 16 5 5 4 277 293 14 167 296 160 348 15 374 343 354 261 20 11 1 2 2 14 4 13 168 221 17 41 125 218 7 18 350 5 76 15 396 9 265 12 2 10 8 9 5 13 4 19 3 187 8 115 411 6 7 6 6 12 4 1 4 231 18 3 162 16 6 385 3 12 32 12 397 105 8 5 90 4 12 260 15 3 1 14 11 12 237 49 19 270 161 6 2 16 4 18 19 14 11 6 2 18 92 20 208 2 2 19 20 247 1 4 70 2 249 215 14 325 12 15 380 269 6 74 63 4 2 9 199 251 315 8 14 13 9 376 254 16 1 7 244 128 2 9 5 52 227 305 7 10 78 8 11 7 16 14 20 353 15 6 365 58 275 25
